0 0 0
1 0 1
2 0 2
3 0 3
5 0 4
6 0 5
7 0 6
8 0 7
9 0 8
10 1 9
11 1 11
12 1 12
13 1 13
14 1 14
15 1 15
16 1 16
17 1 17
18 1 18
18 1 18
19 1 19
20 1 20
20 1 21
21 1 22
22 1 23
22 1 23
23 1 24
24 1 25
24 1 26
25 1 26
25 1 27
26 1 28
26 1 29
27 1 30
27 1 30
28 1 31
28 2 32
28 2 33
29 2 34
29 2 35
29 2 36
30 2 36
30 2 37
30 2 38
31 2 39
31 2 40
31 2 41
31 2 42
32 2 43
32 2 44
32 2 45
32 2 46
33 2 47
33 2 48
33 2 49
33 2 49
33 2 50
34 2 51
34 2 52
34 3 53
34 3 54
34 3 55
35 3 56
35 3 57
35 3 57
35 3 58
35 3 59
35 3 60
35 3 61
36 3 62
36 3 62
36 3 63
36 3 64
36 3 65
36 3 66
36 3 66
36 3 67
36 3 68
37 3 69
37 3 70
37 3 70
37 3 71
37 3 72
37 3 73
37 3 73
37 4 74
37 4 75
37 4 75
38 4 76
38 4 77
38 4 78
38 4 78
38 4 79
38 4 80
38 4 80
38 4 81
38 4 82
39 4 83
39 4 83
39 4 84
39 4 85
39 4 85
39 4 86
39 4 87
39 4 87
40 4 88
40 4 89
40 4 89
40 4 90
40 4 91
40 4 91
40 4 92
41 4 93
41 4 93
41 4 94
41 5 95
41 5 95
41 5 96
42 5 96
42 5 97
42 5 98
42 5 98
42 5 99
43 5 99
43 5 100
43 5 101
43 5 101
43 5 102
44 5 102
44 5 103
44 5 104
44 5 104
44 5 105
44 5 106
44 5 107
44 5 107
44 5 108
44 5 109
44 5 110
44 5 111
44 5 112
44 5 113
44 5 114
44 5 115
43 6 116
43 6 117
43 6 118
42 6 120
42 6 121
41 6 122
40 6 124
40 6 125
39 6 127
38 6 129
36 6 131
35 6 132
33 6 134
31 7 136
29 7 139
26 7 141
23 7 143
18 7 146
11 7 149
7 9 149
7 11 148
7 13 147
7 15 146
7 17 144
7 19 143
7 20 142
7 22 140
7 23 139
7 24 137
7 26 136
6 27 135
6 28 133
6 29 132
6 30 131
6 31 129
6 32 128
6 33 127
6 34 126
6 35 124
6 35 123
6 36 122
6 37 120
6 38 119
6 39 118
6 39 117
6 40 116
5 41 114
5 41 113
5 42 112
5 42 111
5 43 110
5 44 109
5 44 108
5 45 106
5 45 105
5 46 104
5 46 103
5 47 102
5 47 101
5 48 100
5 48 99
5 49 98
5 49 97
5 50 96
5 50 96
5 51 95
4 51 94
4 52 93
4 52 92
4 52 91
4 53 90
4 53 90
4 54 89
4 54 88
4 54 87
4 55 87
4 55 86
4 56 85
4 56 84
4 56 84
4 57 83
4 57 82
4 57 82
4 58 81
4 58 81
4 59 80
4 59 79
4 59 79
4 60 78
4 60 78
4 60 77
4 61 77
4 61 76
4 61 75
4 61 75
4 62 74
4 62 74
4 62 74
4 63 73
3 63 73
4 63 72
3 64 72
3 64 71
3 64 71
3 65 70
3 65 70
3 65 70
3 66 69
3 66 69
3 66 69
3 66 68
3 67 68
3 67 67
3 67 67
3 68 67
3 68 66
3 68 66
3 68 66
3 69 65
3 69 65
3 69 65
3 70 64
3 70 64
3 70 64
3 71 63
3 71 63
3 71 62
3 71 62
3 72 62
3 72 61
3 72 61
3 73 61
4 73 60
4 73 60
4 73 59
4 74 59
4 74 59
4 74 58
4 75 58
4 75 57
4 75 57
4 75 57
4 76 56
4 76 56
4 76 55
4 77 55
4 77 55
4 77 54
4 77 54
4 78 53
4 78 53
4 78 53
4 79 52
4 79 52
4 79 51
4 79 51
4 80 50
4 80 50
4 80 49
4 81 49
4 81 49
4 81 48
4 81 48
4 82 47
4 82 47
4 82 46
4 83 46
4 83 45
4 83 45
4 83 45
4 84 44
4 84 44
4 84 43
4 84 43
4 85 42
4 85 42
4 85 41
4 86 41
4 86 40
4 86 40
4 86 39
4 87 39
4 87 38
4 87 38
4 88 37
4 88 37
4 88 36
4 88 36
4 89 35
4 89 35
4 89 34
4 90 34
4 90 33
4 90 33
4 90 32
4 91 31
4 91 31
4 91 30
4 91 30
4 92 29
4 92 29
5 92 28
5 93 28
5 93 27
5 93 27
5 93 26
5 94 26
5 94 25
5 94 25
5 95 24
5 95 24
5 95 23
5 95 23
5 96 22
5 96 22
5 96 21
5 96 21
5 97 20
5 97 20
5 97 19
5 98 19
5 98 18
5 98 18
5 98 18
5 99 17
5 99 17
5 99 17
5 99 16
5 100 16
5 100 16
5 100 15
5 101 15
5 101 15
5 101 14
5 101 14
5 102 14
5 102 14
5 102 14
5 102 14
5 103 13
5 103 13
5 103 13
5 104 13
5 104 13
5 104 13
5 104 13
5 105 13
5 105 13
5 105 13
5 105 12
5 106 12
5 106 12
5 106 12
5 106 12
5 107 11
5 107 11
5 107 11
5 108 11
5 108 10
5 108 10
5 108 9
5 109 9
5 109 9
5 109 8
5 110 7
5 110 7
5 110 6
5 110 6
6 111 5
7 111 5
9 111 5
10 111 5
11 112 5
13 112 5
14 112 5
15 112 5
17 112 5
18 113 5
19 113 5
21 113 5
22 113 5
23 113 5
24 114 6
25 114 6
26 114 6
28 114 6
29 115 6
30 115 6
31 115 6
32 115 6
33 115 6
34 115 6
36 116 6
37 116 6
38 116 6
39 116 6
40 116 6
41 117 6
42 117 6
43 117 6
44 117 6
46 117 6
47 117 6
48 118 6
49 118 6
50 118 6
51 118 6
52 118 6
53 118 6
54 119 6
55 119 6
56 119 6
58 119 6
59 119 6
60 119 6
61 119 6
62 120 6
63 120 6
64 120 6
65 120 6
66 120 6
67 120 6
68 120 6
69 121 6
71 121 6
72 121 6
73 121 6
74 121 6
75 121 6
76 121 6
77 121 6
78 121 6
79 122 6
80 122 6
81 122 6
82 122 6
83 122 6
84 122 6
86 122 6
87 122 6
88 122 6
89 122 6
90 122 6
91 123 6
92 123 6
93 123 6
94 123 6
95 123 6
96 123 6
97 123 6
98 123 6
99 123 6
100 123 6
101 123 6
102 123 6
104 123 6
105 123 6
106 123 6
107 123 6
108 124 6
109 124 6
110 124 6
111 124 6
112 124 6
113 124 6
114 124 6
115 124 6
116 124 6
117 124 6
118 124 6
119 124 6
120 124 6
121 124 6
122 124 6
123 124 6
124 124 6
125 124 6
127 124 6
128 124 6
129 124 6
130 124 6
131 124 6
132 124 6
133 124 6
135 124 6
136 124 7
137 123 7
138 123 7
139 123 7
141 123 7
142 123 7
143 123 7
145 123 7
146 123 7
147 122 7
148 122 7
150 122 7
151 122 7
152 122 7
154 122 7
155 121 7
157 121 8
158 121 8
159 121 8
161 120 8
162 120 8
164 120 8
165 120 8
166 119 8
168 119 8
169 119 8
171 118 8
172 118 8
174 118 8
176 117 8
177 117 8
179 116 9
180 116 9
182 115 9
183 115 9
185 114 9
187 114 9
188 113 9
190 113 9
191 112 9
193 112 9
195 111 9
196 111 9
198 110 9
200 109 10
201 109 10
203 108 10
205 107 10
206 106 10
208 106 10
210 105 10
212 104 10
213 103 10
215 102 10
217 101 10
218 101 10
220 100 11
222 99 11
224 98 11
225 97 11
227 96 11
229 95 11
230 93 11
232 92 11
234 91 11
235 90 11
237 89 11
239 88 11
241 86 12
242 85 12
243 84 13
244 85 17
244 85 21
244 85 24
244 86 27
244 86 30
244 87 32
245 87 35
245 88 37
245 88 39
245 89 41
245 89 43
245 90 44
245 90 46
245 91 47
245 91 49
245 92 50
245 92 52
245 93 53
245 93 54
245 94 56
246 94 57
246 95 58
246 95 59
246 96 60
246 96 61
246 97 62
246 97 63
246 98 64
246 98 65
246 99 65
246 99 66
246 100 67
246 100 68
246 101 69
246 101 69
246 102 70
246 102 71
246 103 71
246 103 72
246 104 73
246 104 73
246 105 74
246 105 75
246 106 76
247 106 78
247 107 79
247 107 80
247 107 81
247 108 82
247 108 83
247 109 84
247 109 85
247 110 87
247 110 88
247 110 89
247 111 91
247 111 92
247 112 93
247 112 95
247 112 96
248 113 98
248 113 99
248 114 101
248 114 102
248 114 104
248 115 105
248 115 107
248 115 108
248 116 110
248 116 111
248 116 113
248 117 115
248 117 116
248 117 118
248 118 119
248 118 121
248 119 123
249 119 124
249 119 126
249 120 127
249 120 129
249 120 130
249 121 132
249 121 134
249 122 135
249 122 137
249 122 138
249 123 140
249 123 141
249 123 143
249 124 144
249 124 146
249 124 147
249 125 149
249 125 150
249 125 152
249 126 153
249 126 155
249 126 156
249 127 158
249 127 159
249 127 161
249 128 162
249 128 164
249 128 165
249 129 167
249 129 168
249 129 169
249 130 171
249 130 172
249 130 174
249 131 175
249 131 176
249 131 178
249 132 179
249 132 180
249 132 182
249 133 183
249 133 185
249 133 186
249 134 187
249 134 188
249 134 190
249 135 191
249 135 192
249 135 194
249 136 195
249 136 196
249 136 197
249 137 199
249 137 200
249 137 201
249 138 202
249 138 204
249 138 205
249 139 206
249 139 207
249 139 208
249 140 210
249 140 211
250 140 212
250 140 213
250 141 214
250 141 215
250 141 217
250 142 218
250 142 219
250 142 220
250 143 221
250 143 222
250 143 223
250 144 224
250 144 225
250 144 226
250 145 227
250 145 228
250 145 229
250 146 230
250 146 231
250 146 232
250 147 233
250 147 234
250 147 235
250 148 236
250 148 237
250 148 238
250 149 239
250 149 240
250 149 241
250 150 242
250 150 243
250 150 244
250 151 245
250 151 246
250 151 246
250 152 247
250 152 248
250 152 249
250 153 250
249 154 250
248 155 250
248 155 250
247 156 250
246 157 250
246 158 250
245 159 250
244 160 250
244 161 250
243 161 251
242 162 251
242 163 251
241 164 251
240 164 251
240 165 251
239 166 251
239 167 251
238 167 251
238 168 251
237 169 251
237 169 251
236 170 251
236 171 251
236 171 251
235 172 251
235 173 251
234 173 251
234 174 251
234 174 251
233 175 251
233 176 251
233 176 251
232 177 251
232 177 251
232 178 251
231 178 251
231 179 251
231 179 251
230 180 251
230 180 251
230 181 251
230 182 251
230 182 251
229 183 252
229 183 252
229 184 252
229 184 252
229 185 252
228 185 252
228 185 252
228 186 252
228 186 252
228 187 252
228 187 252
228 188 252
228 188 252
227 189 252
227 189 252
227 190 252
227 190 252
227 190 252
227 191 252
227 191 252
227 192 252
227 192 252
227 193 252
227 193 252
227 193 252
227 194 252
227 194 252
227 195 252
227 195 252
227 195 252
227 196 252
227 196 252
227 197 252
227 197 252
227 197 252
227 198 252
227 198 252
227 199 252
227 199 252
227 199 252
227 200 252
228 200 252
228 200 252
228 201 252
228 201 252
228 202 252
228 202 252
228 202 252
228 203 252
228 203 252
228 203 252
229 204 253
229 204 253
229 204 253
229 205 253
229 205 253
229 206 253
229 206 253
230 206 253
230 207 253
230 207 253
230 207 253
230 208 253
230 208 253
230 208 253
231 209 253
231 209 253
231 209 253
231 210 253
231 210 253
231 210 253
232 211 253
232 211 253
232 211 253
232 212 253
232 212 253
232 212 253
233 213 253
233 213 253
233 214 253
233 214 253
233 214 253
233 215 253
233 215 253
233 215 253
233 216 253
234 216 253
234 216 253
234 217 253
234 217 253
234 218 253
234 218 253
234 218 253
234 219 253
234 219 253
234 219 253
234 220 253
234 220 253
234 221 253
234 221 253
234 221 253
235 222 253
235 222 253
235 222 253
235 223 253
235 223 253
235 224 253
235 224 254
235 224 254
235 225 254
235 225 254
235 226 254
235 226 254
235 226 254
235 227 254
235 227 254
235 227 254
235 228 254
235 228 254
235 229 254
235 229 254
235 229 254
235 230 254
235 230 254
235 231 254
235 231 254
235 231 254
235 232 254
235 232 254
235 232 254
235 233 254
235 233 254
235 234 254
235 234 254
235 234 254
235 235 254
235 235 254
236 236 254
236 236 254
236 236 254
236 237 254
236 237 254
236 237 254
236 238 254
236 238 254
236 239 254
236 239 254
236 239 254
236 240 254
236 240 254
236 240 254
237 241 254
237 241 254
237 241 254
237 242 254
237 242 254
237 242 254
237 243 254
237 243 254
237 244 254
238 244 254
238 244 254
238 245 254
238 245 254
238 245 254
238 246 254
238 246 254
239 246 254
239 247 254
239 247 254
239 247 254
239 248 254
240 248 254
240 248 254
240 249 254
240 249 254
241 249 254
241 250 254
241 250 254
241 250 254
242 250 254
242 251 254
242 251 254
243 251 254
243 252 254
243 252 254
244 252 254
244 252 254
245 253 255
245 253 255
246 253 255
246 253 255
247 254 255
247 254 255
248 254 255
249 254 255
249 254 255
250 255 255
251 255 255
252 255 255
253 255 255
254 255 255
255 255 255
