0 0 0
1 0 1
2 0 2
3 0 3
5 0 4
6 0 5
7 0 6
8 0 7
9 0 8
10 1 9
11 1 10
12 1 11
13 1 12
14 1 13
15 1 14
16 1 15
17 1 16
18 1 17
18 1 18
19 1 19
20 1 19
21 1 20
21 1 21
22 1 22
23 1 22
23 1 23
24 1 24
25 1 24
25 1 25
26 1 26
26 1 26
27 1 27
27 1 28
28 1 29
28 1 29
29 1 30
29 1 31
30 2 31
30 2 32
30 2 33
31 2 34
31 2 35
32 2 35
32 2 36
32 2 37
33 2 38
33 2 38
33 2 39
34 2 40
34 2 41
34 2 41
35 2 42
35 2 43
35 2 44
35 2 44
36 2 45
36 2 46
36 2 47
37 2 47
37 2 48
37 2 49
37 2 49
38 2 50
38 2 51
38 2 51
38 2 52
39 3 53
39 3 54
39 3 54
39 3 55
40 3 56
40 3 56
40 3 57
40 3 58
40 3 58
41 3 59
41 3 59
41 3 60
41 3 61
42 3 61
42 3 62
42 3 63
42 3 63
42 3 64
43 3 65
43 3 65
43 3 66
43 3 66
43 3 67
43 3 68
44 3 68
44 3 69
44 3 70
44 3 70
44 3 71
45 3 72
45 3 72
45 3 73
45 4 74
45 4 74
45 4 75
46 4 76
46 4 76
46 4 77
46 4 78
46 4 78
46 4 79
47 4 80
47 4 80
47 4 81
47 4 82
47 4 82
47 4 83
48 4 84
48 4 84
48 4 85
48 4 86
48 4 86
48 4 87
49 4 88
49 4 89
49 4 89
49 4 90
49 4 91
49 4 91
49 4 92
50 4 93
50 4 93
50 5 94
50 5 95
50 5 96
50 5 96
50 5 97
51 5 98
51 5 98
51 5 99
51 5 100
51 5 101
51 5 101
51 5 102
52 5 103
52 5 103
52 5 104
52 5 105
52 5 105
52 5 106
52 5 107
53 5 108
53 5 108
53 5 109
53 5 110
53 5 110
53 5 111
54 5 112
54 5 112
54 5 113
54 5 114
54 5 115
54 5 115
54 6 116
55 6 117
55 6 117
55 6 118
55 6 119
55 6 119
55 6 120
56 6 121
56 6 121
56 6 122
56 6 123
56 6 123
56 6 124
57 6 125
57 6 125
57 6 126
57 6 127
57 6 127
57 6 128
58 6 129
58 6 129
58 6 130
58 6 131
58 6 131
59 6 132
59 6 133
59 6 133
59 6 134
59 6 134
60 6 135
60 6 136
60 7 136
60 7 137
60 7 138
61 7 138
61 7 139
61 7 139
61 7 140
62 7 141
62 7 141
62 7 142
62 7 142
62 7 143
63 7 144
63 7 144
63 7 145
63 7 146
63 7 146
64 7 147
64 7 148
64 7 149
64 7 149
64 7 150
64 7 151
64 7 152
64 7 152
64 7 153
64 7 154
64 7 155
64 7 156
64 7 157
64 8 158
64 8 158
64 8 159
64 8 160
64 8 161
64 8 162
64 8 163
64 8 164
64 8 166
63 8 167
63 8 168
63 8 169
62 8 170
62 8 171
62 8 173
61 8 174
61 8 175
60 8 177
59 9 178
59 9 180
58 9 181
57 9 183
56 9 184
55 9 186
54 9 188
53 9 189
52 9 191
50 9 193
48 9 195
46 9 197
44 9 199
42 10 201
39 10 203
36 10 206
32 10 208
27 10 211
21 10 213
19 12 213
17 15 213
16 17 212
14 19 212
13 21 211
11 23 211
10 24 210
10 26 209
10 28 208
10 29 207
10 31 206
10 32 205
10 34 204
10 35 203
10 36 202
10 37 201
10 39 200
10 40 199
9 41 198
9 42 196
9 43 195
9 44 194
9 45 193
9 46 192
9 47 191
9 48 190
9 49 189
9 50 188
9 51 187
9 51 186
9 52 185
9 53 184
9 54 183
9 55 182
9 55 181
9 56 180
9 57 179
9 58 177
8 58 176
8 59 175
8 60 174
8 60 173
8 61 172
8 62 171
8 62 170
8 63 170
8 64 169
8 64 168
8 65 167
8 65 166
8 66 165
8 67 164
8 67 163
8 68 162
8 68 161
8 69 160
8 69 159
8 70 158
8 71 157
8 71 157
8 72 156
7 72 155
7 73 154
7 73 153
7 74 152
7 74 151
7 75 151
7 75 150
7 76 149
7 76 148
7 76 147
7 77 147
7 77 146
7 78 145
7 78 144
7 79 144
7 79 143
7 80 142
7 80 141
7 80 141
7 81 140
7 81 139
7 82 138
7 82 138
7 83 137
7 83 136
7 83 136
7 84 135
6 84 134
6 85 134
6 85 133
6 85 133
6 86 132
6 86 131
6 86 131
6 87 130
6 87 130
6 88 129
6 88 128
6 88 128
6 89 127
6 89 127
6 89 126
6 90 126
6 90 125
6 91 125
6 91 124
6 91 123
6 92 123
6 92 122
6 92 122
6 93 121
6 93 121
6 93 121
6 94 120
6 94 120
6 94 119
6 95 119
6 95 118
6 95 118
6 96 117
6 96 117
6 96 116
6 97 116
6 97 116
6 97 115
5 98 115
5 98 114
5 98 114
5 99 114
6 99 113
5 99 113
5 100 113
5 100 112
5 100 112
5 101 111
5 101 111
5 101 111
5 102 110
5 102 110
5 102 110
5 103 109
5 103 109
5 103 109
5 103 108
5 104 108
5 104 108
5 104 107
5 105 107
5 105 107
5 105 107
5 106 106
5 106 106
5 106 106
5 107 105
5 107 105
5 107 105
5 108 105
5 108 104
5 108 104
5 108 104
5 109 103
5 109 103
5 109 103
5 110 102
5 110 102
5 110 102
5 111 102
5 111 101
5 111 101
5 112 101
5 112 100
5 112 100
5 112 100
5 113 99
5 113 99
6 113 99
5 114 98
5 114 98
6 114 98
6 115 97
5 115 97
6 115 97
6 116 96
6 116 96
6 116 96
6 116 95
6 117 95
6 117 95
6 117 94
6 118 94
6 118 94
6 118 93
6 119 93
6 119 93
6 119 92
6 120 92
6 120 92
6 120 91
6 120 91
6 121 91
6 121 90
6 121 90
6 122 90
6 122 89
6 122 89
6 123 88
6 123 88
6 123 88
6 123 87
6 124 87
6 124 87
6 124 86
6 125 86
6 125 86
6 125 85
6 126 85
6 126 84
6 126 84
6 127 84
6 127 83
6 127 83
6 127 82
6 128 82
6 128 82
6 128 81
6 129 81
6 129 80
6 129 80
6 130 80
6 130 79
6 130 79
6 130 78
6 131 78
6 131 78
6 131 77
6 132 77
6 132 76
6 132 76
7 133 76
7 133 75
6 133 75
6 134 74
6 134 74
6 134 73
6 134 73
7 135 73
7 135 72
7 135 72
7 136 71
7 136 71
7 136 70
7 137 70
7 137 69
7 137 69
7 137 69
7 138 68
7 138 68
7 138 67
7 139 67
7 139 66
7 139 66
7 140 65
7 140 65
7 140 64
7 140 64
7 141 63
7 141 63
7 141 63
7 142 62
7 142 62
7 142 61
7 143 61
7 143 60
7 143 60
7 143 59
7 144 59
7 144 58
7 144 58
7 145 57
7 145 57
7 145 56
7 146 56
7 146 55
7 146 55
7 146 54
7 147 54
7 147 53
7 147 53
7 148 52
7 148 52
7 148 51
7 149 51
7 149 50
7 149 50
7 149 49
7 150 49
7 150 48
7 150 48
7 151 47
7 151 47
7 151 46
7 152 46
7 152 45
7 152 45
7 152 44
7 153 44
7 153 43
7 153 43
8 154 42
8 154 42
7 154 41
7 155 41
7 155 40
8 155 40
8 155 39
7 156 39
8 156 39
8 156 38
8 157 38
7 157 37
8 157 37
8 158 36
8 158 36
8 158 35
8 158 35
8 159 35
8 159 34
8 159 34
8 160 33
8 160 33
8 160 33
8 160 32
8 161 32
8 161 32
8 161 31
8 162 31
8 162 31
8 162 30
8 163 30
8 163 30
8 163 29
8 163 29
8 164 29
8 164 29
8 164 28
8 165 28
8 165 28
8 165 28
8 166 28
8 166 28
8 166 27
8 166 27
8 167 27
8 167 27
8 167 27
8 168 27
8 168 26
8 168 26
8 168 26
8 169 26
8 169 26
8 169 26
8 170 26
8 170 26
8 170 26
8 171 26
8 171 26
8 171 26
8 171 25
8 172 25
8 172 25
8 172 25
8 173 25
8 173 25
8 173 24
9 173 24
8 174 24
8 174 24
8 174 24
9 175 23
9 175 23
9 175 23
9 176 22
8 176 22
9 176 22
8 176 21
8 177 21
8 177 20
8 177 20
9 178 19
9 178 19
9 178 18
9 179 17
9 179 17
9 179 16
9 179 15
9 180 15
9 180 14
9 180 13
9 181 11
9 181 10
9 181 9
11 182 9
13 182 9
15 182 9
17 182 9
19 183 9
21 183 9
22 183 9
24 183 9
26 184 9
27 184 9
29 184 9
30 184 9
31 185 9
33 185 9
34 185 9
36 185 9
37 186 9
38 186 9
40 186 9
41 186 9
42 186 9
43 187 9
45 187 9
46 187 9
47 187 9
48 188 9
50 188 9
51 188 9
52 188 9
53 189 9
54 189 9
56 189 9
57 189 9
58 189 9
59 190 9
60 190 9
62 190 9
63 190 9
64 191 9
65 191 9
66 191 9
67 191 9
68 191 9
70 192 9
71 192 9
72 192 9
73 192 9
74 192 9
75 193 9
76 193 9
78 193 9
79 193 9
80 193 9
81 194 9
82 194 9
83 194 9
84 194 9
85 194 9
87 195 9
88 195 9
89 195 9
90 195 9
91 195 9
92 195 9
93 196 10
94 196 9
96 196 9
97 196 9
98 196 9
99 196 10
100 197 9
101 197 9
102 197 10
103 197 10
104 197 9
105 197 10
107 198 10
108 198 10
109 198 9
110 198 10
111 198 10
112 198 10
113 199 10
114 199 10
115 199 10
117 199 9
118 199 10
119 199 10
120 199 10
121 200 10
122 200 10
123 200 10
124 200 10
125 200 10
126 200 10
127 200 10
129 201 10
130 201 10
131 201 10
132 201 10
133 201 10
134 201 10
135 201 10
136 201 10
137 202 10
138 202 10
140 202 10
141 202 10
142 202 10
143 202 10
144 202 10
145 202 10
146 203 10
147 203 10
148 203 10
149 203 10
150 203 10
152 203 10
153 203 10
154 203 10
155 203 10
156 203 10
157 204 10
158 204 10
159 204 10
160 204 10
161 204 10
162 204 10
163 204 10
165 204 10
166 204 10
167 204 10
168 205 10
169 205 10
170 205 10
171 205 10
172 205 10
173 205 10
174 205 10
175 205 10
176 205 10
177 205 10
178 205 10
180 205 10
181 205 10
182 206 10
183 206 10
184 206 10
185 206 10
186 206 10
187 206 10
188 206 10
189 206 10
190 206 10
191 206 10
192 206 10
193 206 10
194 206 10
195 206 10
197 206 10
198 206 10
199 206 10
200 206 10
201 207 10
202 207 10
203 207 10
204 207 10
205 207 10
206 207 10
207 207 10
209 207 10
210 207 10
211 207 10
212 207 10
213 207 10
214 207 10
215 207 10
217 207 11
218 207 11
219 207 11
220 207 11
221 207 11
223 206 11
224 206 11
225 206 11
226 206 11
228 206 11
229 206 11
230 206 11
231 206 11
233 206 11
234 206 11
235 206 11
237 206 11
238 206 11
239 206 11
240 205 12
242 205 12
243 205 12
244 205 25
245 205 39
245 205 51
246 205 60
246 205 68
246 205 75
247 205 82
247 206 88
247 206 93
248 206 98
248 206 102
248 206 107
248 206 111
248 207 114
248 207 118
249 207 121
249 207 124
249 207 127
249 208 130
249 208 133
249 208 136
249 208 138
250 208 141
250 209 143
250 209 145
250 209 147
250 209 150
250 210 152
250 210 154
250 210 155
250 210 157
250 211 159
250 211 161
251 211 162
251 212 164
251 212 166
251 212 167
251 212 169
251 213 170
251 213 172
251 213 173
251 213 174
251 214 176
251 214 177
251 214 178
251 215 180
251 215 181
252 215 182
252 216 183
252 216 184
252 216 185
252 216 186
252 217 188
252 217 189
252 217 190
252 218 191
252 218 192
252 218 193
252 219 194
252 219 195
252 219 196
252 220 196
252 220 197
252 220 198
252 221 199
252 221 200
252 221 201
252 222 202
252 222 202
253 222 203
253 223 204
253 223 205
253 223 206
253 223 206
253 224 207
253 224 208
253 224 209
253 225 209
253 225 210
253 225 211
253 226 212
253 226 212
253 226 213
253 227 214
253 227 214
253 228 215
253 228 216
253 228 216
253 229 217
253 229 217
253 229 218
253 230 219
253 230 219
253 230 220
253 231 221
253 231 221
253 231 222
253 232 222
253 232 223
253 232 223
254 233 224
254 233 225
254 233 225
254 234 226
254 234 226
254 234 227
254 235 227
254 235 228
254 235 228
254 236 229
254 236 230
254 236 230
254 237 231
254 237 231
254 237 232
254 238 232
254 238 233
254 239 233
254 239 234
254 239 234
254 240 235
254 240 235
254 240 236
254 241 236
254 241 237
254 241 237
254 242 238
254 242 238
254 242 239
254 243 239
254 243 240
254 243 240
254 244 240
254 244 241
254 244 241
254 245 242
254 245 242
254 246 243
254 246 243
254 246 244
254 247 244
254 247 245
254 247 245
255 248 246
255 248 246
255 248 247
255 249 247
255 249 247
255 249 248
255 250 248
255 250 249
255 250 249
255 251 250
255 251 250
255 251 251
255 252 251
255 252 251
255 253 252
255 253 252
255 253 253
255 254 253
255 254 254
255 254 254
255 255 255
255 255 255
