12
100
63.225715 131.536847 75.640634 0.000000 0.474720 0.496790
63.795529 131.661371 75.624055 0.000000 0.474720 0.496790
64.365661 131.792622 75.601470 0.000000 0.474720 0.496790
64.936038 131.927527 75.578670 0.000000 0.474720 0.496790
65.506782 132.062418 75.561158 0.000000 0.474720 0.496790
66.079069 132.190157 75.551930 0.000000 0.474720 0.496790
66.653400 132.303353 75.552058 0.000000 0.474720 0.496790
67.228429 132.395977 75.561518 0.000000 0.474720 0.496790
67.801184 132.472521 75.575761 0.000000 0.474720 0.496790
68.368895 132.538522 75.589584 0.000000 0.474720 0.496790
68.931590 132.593168 75.601548 0.000000 0.474720 0.496790
69.490114 132.644980 75.611380 0.000000 0.474720 0.496790
70.045622 132.711721 75.622028 0.000000 0.474720 0.496790
70.598560 132.807579 75.635108 0.000000 0.474720 0.496790
71.148266 132.937444 75.651809 0.000000 0.474720 0.496790
71.695040 133.091641 75.675023 0.000000 0.474720 0.496790
72.239334 133.257137 75.710401 0.000000 0.474720 0.496790
72.781780 133.422021 75.762355 0.000000 0.474720 0.496790
73.323023 133.576910 75.828096 0.000000 0.474720 0.496790
73.863589 133.716740 75.899263 0.000000 0.474720 0.496790
74.403420 133.844378 75.968736 0.000000 0.474720 0.496790
74.941222 133.974461 76.034688 0.000000 0.474720 0.496790
75.474218 134.130449 76.099152 0.000000 0.474720 0.496790
75.994456 134.335686 76.166546 0.000000 0.474720 0.496790
76.489582 134.602777 76.245413 0.000000 0.474720 0.496790
76.948256 134.926624 76.347632 0.000000 0.474720 0.496790
77.370976 135.291758 76.479495 0.000000 0.474720 0.496790
77.764802 135.680799 76.642053 0.000000 0.474720 0.496790
78.130223 136.082440 76.838400 0.000000 0.474720 0.496790
78.467543 136.489924 77.068908 0.000000 0.474720 0.496790
78.784447 136.896973 77.326356 0.000000 0.474720 0.496790
79.089281 137.297795 77.604812 0.000000 0.474720 0.496790
79.388931 137.688423 77.900627 0.000000 0.474720 0.496790
79.687905 138.066110 78.211620 0.000000 0.474720 0.496790
79.984842 138.431391 78.538421 0.000000 0.474720 0.496790
80.275562 138.786135 78.882703 0.000000 0.474720 0.496790
80.553630 139.132971 79.246495 0.000000 0.474720 0.496790
80.815670 139.472988 79.629579 0.000000 0.474720 0.496790
81.061493 139.805787 80.030024 0.000000 0.474720 0.496790
81.294351 140.129862 80.444834 0.000000 0.474720 0.496790
81.520896 140.443682 80.869710 0.000000 0.474720 0.496790
81.749840 140.746482 81.299428 0.000000 0.474720 0.496790
81.991135 141.039293 81.727017 0.000000 0.474720 0.496790
82.252368 141.325222 82.145325 0.000000 0.474720 0.496790
82.535344 141.610181 82.549087 0.000000 0.474720 0.496790
82.833534 141.902521 82.938489 0.000000 0.474720 0.496790
83.135048 142.210186 83.317830 0.000000 0.474720 0.496790
83.427051 142.537958 83.692253 0.000000 0.474720 0.496790
83.703301 142.886108 84.063876 0.000000 0.474720 0.496790
83.963946 143.251554 84.432606 0.000000 0.474720 0.496790
84.212809 143.631080 84.797186 0.000000 0.474720 0.496790
84.454497 144.021732 85.156711 0.000000 0.474720 0.496790
84.692459 144.421475 85.510506 0.000000 0.474720 0.496790
84.928877 144.828766 85.857864 0.000000 0.474720 0.496790
85.164938 145.242806 86.197884 0.000000 0.474720 0.496790
85.400940 145.664083 86.529113 0.000000 0.474720 0.496790
85.635997 146.093813 86.850468 0.000000 0.474720 0.496790
85.868379 146.533498 87.161043 0.000000 0.474720 0.496790
86.096061 146.983905 87.460865 0.000000 0.474720 0.496790
86.317427 147.444922 87.750207 0.000000 0.474720 0.496790
86.531285 147.915801 88.029916 0.000000 0.474720 0.496790
86.736397 148.395622 88.301179 0.000000 0.474720 0.496790
86.931170 148.883511 88.565708 0.000000 0.474720 0.496790
87.114417 149.378527 88.825251 0.000000 0.474720 0.496790
87.286017 149.879477 89.081322 0.000000 0.474720 0.496790
87.444390 150.385631 89.335396 0.000000 0.474720 0.496790
87.587843 150.896450 89.588628 0.000000 0.474720 0.496790
87.717662 151.410739 89.841429 0.000000 0.474720 0.496790
87.831252 151.928584 90.093117 0.000000 0.474720 0.496790
87.921501 152.451446 90.341608 0.000000 0.474720 0.496790
87.982665 152.980435 90.582384 0.000000 0.474720 0.496790
88.010372 153.515975 90.809925 0.000000 0.474720 0.496790
88.002361 154.057768 91.019078 0.000000 0.474720 0.496790
87.958552 154.604636 91.205758 0.000000 0.474720 0.496790
87.879633 155.155183 91.367078 0.000000 0.474720 0.496790
87.767532 155.707959 91.500122 0.000000 0.474720 0.496790
87.625572 156.261912 91.602477 0.000000 0.474720 0.496790
87.460477 156.816238 91.672880 0.000000 0.474720 0.496790
87.279820 157.370726 91.710514 0.000000 0.474720 0.496790
87.090880 157.925106 91.715306 0.000000 0.474720 0.496790
86.899226 158.478792 91.686112 0.000000 0.474720 0.496790
86.709210 159.030645 91.622740 0.000000 0.474720 0.496790
86.524296 159.579620 91.525617 0.000000 0.474720 0.496790
86.347148 160.124623 91.396004 0.000000 0.474720 0.496790
86.178847 160.662911 91.232729 0.000000 0.474720 0.496790
86.018980 161.191714 91.036225 0.000000 0.474720 0.496790
85.865534 161.708373 90.807797 0.000000 0.474720 0.496790
85.714899 162.211254 90.549852 0.000000 0.474720 0.496790
85.563984 162.698568 90.264514 0.000000 0.474720 0.496790
85.410637 163.168851 89.953440 0.000000 0.474720 0.496790
85.255723 163.623202 89.620948 0.000000 0.474720 0.496790
85.101993 164.065220 89.272939 0.000000 0.474720 0.496790
84.953340 164.501008 88.916852 0.000000 0.474720 0.496790
84.813799 164.937097 88.560132 0.000000 0.474720 0.496790
84.687099 165.379347 88.209665 0.000000 0.474720 0.496790
84.576511 165.832645 87.872300 0.000000 0.474720 0.496790
84.484866 166.301102 87.554017 0.000000 0.474720 0.496790
84.415059 166.786479 87.257774 0.000000 0.474720 0.496790
84.369959 167.288223 86.983492 0.000000 0.474720 0.496790
84.352434 167.805560 86.730836 0.000000 0.474720 0.496790
100
70.714034 135.897329 75.294568 0.000000 0.512340 0.547600
71.205370 136.009666 75.171775 0.000000 0.512340 0.547600
71.689044 136.118809 75.071784 0.000000 0.512340 0.547600
72.166119 136.230379 74.995499 0.000000 0.512340 0.547600
72.637461 136.354231 74.939464 0.000000 0.512340 0.547600
73.101784 136.497554 74.893652 0.000000 0.512340 0.547600
73.559728 136.656578 74.851078 0.000000 0.512340 0.547600
74.017006 136.824000 74.809669 0.000000 0.512340 0.547600
74.474158 137.000949 74.771883 0.000000 0.512340 0.547600
74.927038 137.188766 74.741785 0.000000 0.512340 0.547600
75.372700 137.386752 74.721861 0.000000 0.512340 0.547600
75.808880 137.593867 74.713216 0.000000 0.512340 0.547600
76.236552 137.809113 74.718540 0.000000 0.512340 0.547600
76.657911 138.034712 74.742591 0.000000 0.512340 0.547600
77.071964 138.276673 74.784512 0.000000 0.512340 0.547600
77.477223 138.532610 74.836135 0.000000 0.512340 0.547600
77.874691 138.794303 74.893829 0.000000 0.512340 0.547600
78.264615 139.057020 74.964184 0.000000 0.512340 0.547600
78.643940 139.323729 75.056786 0.000000 0.512340 0.547600
79.007960 139.601047 75.173463 0.000000 0.512340 0.547600
79.355979 139.891653 75.308354 0.000000 0.512340 0.547600
79.689416 140.194310 75.457283 0.000000 0.512340 0.547600
80.005413 140.508819 75.621438 0.000000 0.512340 0.547600
80.296988 140.837744 75.802929 0.000000 0.512340 0.547600
80.559279 141.181195 76.001953 0.000000 0.512340 0.547600
80.793722 141.535249 76.216856 0.000000 0.512340 0.547600
81.006380 141.894728 76.443102 0.000000 0.512340 0.547600
81.202098 142.256537 76.675494 0.000000 0.512340 0.547600
81.382005 142.621188 76.910459 0.000000 0.512340 0.547600
81.545438 142.991316 77.146409 0.000000 0.512340 0.547600
81.693898 143.369324 77.383621 0.000000 0.512340 0.547600
81.833309 143.756025 77.621487 0.000000 0.512340 0.547600
81.970083 144.151471 77.858250 0.000000 0.512340 0.547600
82.106034 144.555373 78.091050 0.000000 0.512340 0.547600
82.239362 144.966633 78.317510 0.000000 0.512340 0.547600
82.366848 145.384718 78.535307 0.000000 0.512340 0.547600
82.485403 145.809513 78.742728 0.000000 0.512340 0.547600
82.594235 146.240359 78.938749 0.000000 0.512340 0.547600
82.695271 146.676002 79.124553 0.000000 0.512340 0.547600
82.792173 147.115545 79.302553 0.000000 0.512340 0.547600
82.888249 147.558216 79.474647 0.000000 0.512340 0.547600
82.984165 148.003690 79.641946 0.000000 0.512340 0.547600
83.078462 148.452273 79.804348 0.000000 0.512340 0.547600
83.169353 148.904452 79.960135 0.000000 0.512340 0.547600
83.257847 149.360031 80.105071 0.000000 0.512340 0.547600
83.344588 149.818439 80.235109 0.000000 0.512340 0.547600
83.427376 150.279367 80.350096 0.000000 0.512340 0.547600
83.501479 150.743335 80.453253 0.000000 0.512340 0.547600
83.563123 151.211052 80.546704 0.000000 0.512340 0.547600
83.610873 151.682578 80.629751 0.000000 0.512340 0.547600
83.645137 152.157361 80.699161 0.000000 0.512340 0.547600
83.666435 152.634682 80.750640 0.000000 0.512340 0.547600
83.675865 153.113856 80.781770 0.000000 0.512340 0.547600
83.676606 153.594701 80.794230 0.000000 0.512340 0.547600
83.673743 154.077364 80.793128 0.000000 0.512340 0.547600
83.671539 154.561711 80.783004 0.000000 0.512340 0.547600
83.671956 155.046883 80.765222 0.000000 0.512340 0.547600
83.675011 155.532068 80.738403 0.000000 0.512340 0.547600
83.679935 156.017149 80.699378 0.000000 0.512340 0.547600
83.684438 156.503393 80.645426 0.000000 0.512340 0.547600
83.686887 156.992857 80.575189 0.000000 0.512340 0.547600
83.687698 157.486321 80.490711 0.000000 0.512340 0.547600
83.689776 157.982124 80.395106 0.000000 0.512340 0.547600
83.698675 158.477555 80.287720 0.000000 0.512340 0.547600
83.717519 158.971357 80.170524 0.000000 0.512340 0.547600
83.747237 159.463916 80.047585 0.000000 0.512340 0.547600
83.788743 159.955450 79.923301 0.000000 0.512340 0.547600
83.842946 160.445537 79.802490 0.000000 0.512340 0.547600
83.910860 160.933745 79.688518 0.000000 0.512340 0.547600
83.994673 161.419423 79.581349 0.000000 0.512340 0.547600
84.097524 161.901677 79.478595 0.000000 0.512340 0.547600
84.220416 162.380370 79.378459 0.000000 0.512340 0.547600
84.360778 162.856630 79.281841 0.000000 0.512340 0.547600
84.515007 163.331590 79.191718 0.000000 0.512340 0.547600
84.680315 163.805903 79.111389 0.000000 0.512340 0.547600
84.854429 164.279772 79.043036 0.000000 0.512340 0.547600
85.036916 164.752277 78.988876 0.000000 0.512340 0.547600
85.230260 165.221036 78.950972 0.000000 0.512340 0.547600
85.434504 165.684166 78.928268 0.000000 0.512340 0.547600
85.645565 166.141160 78.918915 0.000000 0.512340 0.547600
85.857581 166.593185 78.919898 0.000000 0.512340 0.547600
86.067265 167.041820 78.925846 0.000000 0.512340 0.547600
86.275583 167.486892 78.931747 0.000000 0.512340 0.547600
86.480628 167.927939 78.934118 0.000000 0.512340 0.547600
86.673494 168.366647 78.939286 0.000000 0.512340 0.547600
86.845063 168.804202 78.960106 0.000000 0.512340 0.547600
86.992201 169.238288 79.005096 0.000000 0.512340 0.547600
87.113744 169.665495 79.072533 0.000000 0.512340 0.547600
87.210969 170.086773 79.158843 0.000000 0.512340 0.547600
87.290811 170.507528 79.268479 0.000000 0.512340 0.547600
87.361394 170.934522 79.408318 0.000000 0.512340 0.547600
87.427155 171.371237 79.577088 0.000000 0.512340 0.547600
87.487225 171.817375 79.761860 0.000000 0.512340 0.547600
87.537554 172.274829 79.946945 0.000000 0.512340 0.547600
87.571940 172.743639 80.123200 0.000000 0.512340 0.547600
87.585320 173.217464 80.296335 0.000000 0.512340 0.547600
87.578463 173.699730 80.465889 0.000000 0.512340 0.547600
87.559347 174.190926 80.632801 0.000000 0.512340 0.547600
87.534201 174.687274 80.800588 0.000000 0.512340 0.547600
87.505523 175.185572 80.971946 0.000000 0.512340 0.547600
100
169.427673 128.604744 70.990669 0.697370 0.216630 0.551160
168.668972 129.118124 71.077799 0.697370 0.216630 0.551160
167.932493 129.664715 71.139763 0.697370 0.216630 0.551160
167.229452 130.255451 71.193994 0.697370 0.216630 0.551160
166.546211 130.871740 71.231030 0.697370 0.216630 0.551160
165.870411 131.497299 71.235410 0.697370 0.216630 0.551160
165.205685 132.134799 71.216247 0.697370 0.216630 0.551160
164.559966 132.791610 71.205331 0.697370 0.216630 0.551160
163.930381 133.463780 71.225298 0.697370 0.216630 0.551160
163.309040 134.143191 71.264539 0.697370 0.216630 0.551160
162.699726 134.833604 71.291583 0.697370 0.216630 0.551160
162.115189 135.545319 71.289918 0.697370 0.216630 0.551160
161.558751 136.278976 71.271422 0.697370 0.216630 0.551160
161.026989 137.030332 71.261023 0.697370 0.216630 0.551160
160.518258 137.795442 71.288393 0.697370 0.216630 0.551160
160.031314 138.565771 71.387179 0.697370 0.216630 0.551160
159.570305 139.332042 71.578374 0.697370 0.216630 0.551160
159.144682 140.087856 71.866161 0.697370 0.216630 0.551160
158.750925 140.823142 72.243668 0.697370 0.216630 0.551160
158.356227 141.518953 72.693411 0.697370 0.216630 0.551160
157.912575 142.154889 73.185043 0.697370 0.216630 0.551160
157.398943 142.729663 73.686044 0.697370 0.216630 0.551160
156.840048 143.271345 74.177626 0.697370 0.216630 0.551160
156.277958 143.816653 74.660624 0.697370 0.216630 0.551160
155.741849 144.380151 75.151224 0.697370 0.216630 0.551160
155.245449 144.952597 75.671474 0.697370 0.216630 0.551160
154.789416 145.520990 76.231589 0.697370 0.216630 0.551160
154.362491 146.083685 76.820664 0.697370 0.216630 0.551160
153.950334 146.652211 77.415289 0.697370 0.216630 0.551160
153.549150 147.239918 77.998777 0.697370 0.216630 0.551160
153.164378 147.849464 78.570754 0.697370 0.216630 0.551160
152.802328 148.478853 79.136023 0.697370 0.216630 0.551160
152.467622 149.131601 79.691828 0.697370 0.216630 0.551160
152.164327 149.812916 80.231270 0.697370 0.216630 0.551160
151.892411 150.520637 80.753244 0.697370 0.216630 0.551160
151.641388 151.248808 81.257463 0.697370 0.216630 0.551160
151.393308 151.998871 81.730072 0.697370 0.216630 0.551160
151.135664 152.778132 82.146572 0.697370 0.216630 0.551160
150.869379 153.588727 82.492850 0.697370 0.216630 0.551160
150.603054 154.423773 82.777423 0.697370 0.216630 0.551160
150.338670 155.273277 83.018919 0.697370 0.216630 0.551160
150.069440 156.128255 83.234347 0.697370 0.216630 0.551160
149.789821 156.982500 83.439114 0.697370 0.216630 0.551160
149.500972 157.832558 83.648419 0.697370 0.216630 0.551160
149.205487 158.675357 83.875959 0.697370 0.216630 0.551160
148.900120 159.507173 84.128381 0.697370 0.216630 0.551160
148.576241 160.324851 84.402237 0.697370 0.216630 0.551160
148.226860 161.126031 84.692724 0.697370 0.216630 0.551160
147.851912 161.908298 85.000964 0.697370 0.216630 0.551160
147.459411 162.677062 85.325023 0.697370 0.216630 0.551160
147.089722 163.463608 85.615417 0.697370 0.216630 0.551160
146.812056 164.303112 85.772749 0.697370 0.216630 0.551160
146.648248 165.190863 85.739181 0.697370 0.216630 0.551160
146.545257 166.093607 85.577125 0.697370 0.216630 0.551160
146.438376 166.991080 85.395776 0.697370 0.216630 0.551160
146.298700 167.884578 85.215822 0.697370 0.216630 0.551160
146.121710 168.772511 85.041034 0.697370 0.216630 0.551160
145.911808 169.653415 84.866335 0.697370 0.216630 0.551160
145.677175 170.526716 84.684777 0.697370 0.216630 0.551160
145.425382 171.391972 84.489292 0.697370 0.216630 0.551160
145.161916 172.249088 84.275172 0.697370 0.216630 0.551160
144.890582 173.099347 84.043955 0.697370 0.216630 0.551160
144.613673 173.945327 83.803075 0.697370 0.216630 0.551160
144.331843 174.789243 83.560420 0.697370 0.216630 0.551160
144.041550 175.631110 83.320741 0.697370 0.216630 0.551160
143.732501 176.467778 83.087255 0.697370 0.216630 0.551160
143.392327 177.294635 82.864599 0.697370 0.216630 0.551160
143.013218 178.107824 82.658056 0.697370 0.216630 0.551160
142.590749 178.903311 82.470573 0.697370 0.216630 0.551160
142.121319 179.675799 82.300286 0.697370 0.216630 0.551160
141.605253 180.420348 82.140239 0.697370 0.216630 0.551160
141.046131 181.134354 81.987167 0.697370 0.216630 0.551160
140.445934 181.816136 81.851504 0.697370 0.216630 0.551160
139.804716 182.463254 81.750697 0.697370 0.216630 0.551160
139.125339 183.075500 81.689151 0.697370 0.216630 0.551160
138.415560 183.657449 81.655939 0.697370 0.216630 0.551160
137.686194 184.217085 81.641541 0.697370 0.216630 0.551160
136.947079 184.762614 81.650993 0.697370 0.216630 0.551160
136.204226 185.298879 81.699885 0.697370 0.216630 0.551160
135.463428 185.829987 81.803047 0.697370 0.216630 0.551160
134.736451 186.363141 81.965957 0.697370 0.216630 0.551160
134.035670 186.907548 82.175265 0.697370 0.216630 0.551160
133.364899 187.472594 82.404834 0.697370 0.216630 0.551160
132.724820 188.064475 82.650688 0.697370 0.216630 0.551160
132.120650 188.676122 82.940695 0.697370 0.216630 0.551160
131.568615 189.277589 83.307416 0.697370 0.216630 0.551160
131.093382 189.824875 83.743854 0.697370 0.216630 0.551160
130.682679 190.344018 84.177823 0.697370 0.216630 0.551160
130.309516 190.867277 84.559332 0.697370 0.216630 0.551160
129.948568 191.401328 84.881732 0.697370 0.216630 0.551160
129.588447 191.935410 85.122193 0.697370 0.216630 0.551160
129.211142 192.447315 85.275309 0.697370 0.216630 0.551160
128.784216 192.931510 85.381302 0.697370 0.216630 0.551160
128.242314 193.364058 85.538102 0.697370 0.216630 0.551160
127.629727 193.771733 85.744532 0.697370 0.216630 0.551160
127.005770 194.187852 85.999970 0.697370 0.216630 0.551160
126.368160 194.605349 86.343591 0.697370 0.216630 0.551160
125.726228 195.004259 86.729846 0.697370 0.216630 0.551160
125.071251 195.340442 87.105649 0.697370 0.216630 0.551160
124.414551 195.588730 87.441753 0.697370 0.216630 0.551160
100
131.543792 189.157341 84.177918 0.654870 0.109250 0.495810
132.061348 188.634098 83.853451 0.654870 0.109250 0.495810
132.609007 188.135593 83.540473 0.654870 0.109250 0.495810
133.178361 187.654834 83.236997 0.654870 0.109250 0.495810
133.775973 187.188016 82.973782 0.654870 0.109250 0.495810
134.409369 186.734260 82.779298 0.654870 0.109250 0.495810
135.057898 186.289573 82.613822 0.654870 0.109250 0.495810
135.719611 185.853127 82.481657 0.654870 0.109250 0.495810
136.390141 185.418031 82.396213 0.654870 0.109250 0.495810
137.061466 184.977860 82.360286 0.654870 0.109250 0.495810
137.730870 184.532699 82.363835 0.654870 0.109250 0.495810
138.397227 184.083598 82.378796 0.654870 0.109250 0.495810
139.058281 183.627366 82.386054 0.654870 0.109250 0.495810
139.707658 183.155973 82.392955 0.654870 0.109250 0.495810
140.337396 182.661429 82.419962 0.654870 0.109250 0.495810
140.940644 182.138721 82.476346 0.654870 0.109250 0.495810
141.514176 181.586211 82.553646 0.654870 0.109250 0.495810
142.056276 181.003723 82.644282 0.654870 0.109250 0.495810
142.561425 180.390742 82.755307 0.654870 0.109250 0.495810
143.014502 179.744341 82.901707 0.654870 0.109250 0.495810
143.402611 179.066281 83.087603 0.654870 0.109250 0.495810
143.726608 178.365319 83.306197 0.654870 0.109250 0.495810
143.998545 177.651566 83.548616 0.654870 0.109250 0.495810
144.232711 176.930265 83.806467 0.654870 0.109250 0.495810
144.446775 176.202622 84.066222 0.654870 0.109250 0.495810
144.656242 175.469826 84.318695 0.654870 0.109250 0.495810
144.867576 174.734383 84.565153 0.654870 0.109250 0.495810
145.079135 173.998704 84.811994 0.654870 0.109250 0.495810
145.286308 173.262741 85.061148 0.654870 0.109250 0.495810
145.485724 172.523464 85.305263 0.654870 0.109250 0.495810
145.675776 171.777005 85.533403 0.654870 0.109250 0.495810
145.855929 171.021039 85.737896 0.654870 0.109250 0.495810
146.026761 170.255625 85.916473 0.654870 0.109250 0.495810
146.188439 169.482628 86.073021 0.654870 0.109250 0.495810
146.337901 168.704266 86.217003 0.654870 0.109250 0.495810
146.468678 167.922007 86.358669 0.654870 0.109250 0.495810
146.576552 167.136469 86.502713 0.654870 0.109250 0.495810
146.663733 166.348602 86.645430 0.654870 0.109250 0.495810
146.744167 165.557531 86.771792 0.654870 0.109250 0.495810
146.849342 164.762337 86.848021 0.654870 0.109250 0.495810
147.037772 163.993925 86.806804 0.654870 0.109250 0.495810
147.336511 163.277709 86.639759 0.654870 0.109250 0.495810
147.684801 162.590504 86.419477 0.654870 0.109250 0.495810
148.025374 161.900478 86.201779 0.654870 0.109250 0.495810
148.359577 161.205059 85.982076 0.654870 0.109250 0.495810
148.678926 160.501245 85.761890 0.654870 0.109250 0.495810
148.982228 159.789393 85.542578 0.654870 0.109250 0.495810
149.270505 159.069278 85.328209 0.654870 0.109250 0.495810
149.547189 158.341999 85.121190 0.654870 0.109250 0.495810
149.818730 157.612166 84.916099 0.654870 0.109250 0.495810
150.089291 156.885110 84.702875 0.654870 0.109250 0.495810
150.358049 156.162717 84.476312 0.654870 0.109250 0.495810
150.621029 155.445200 84.233688 0.654870 0.109250 0.495810
150.879688 154.733965 83.968981 0.654870 0.109250 0.495810
151.138054 154.050731 83.655653 0.654870 0.109250 0.495810
151.393684 153.428530 83.260912 0.654870 0.109250 0.495810
151.637641 152.870392 82.789551 0.654870 0.109250 0.495810
151.866170 152.349866 82.269110 0.654870 0.109250 0.495810
152.082560 151.840598 81.725264 0.654870 0.109250 0.495810
152.295390 151.328999 81.174065 0.654870 0.109250 0.495810
152.515141 150.814225 80.621955 0.654870 0.109250 0.495810
152.749078 150.302162 80.067886 0.654870 0.109250 0.495810
152.997784 149.799164 79.507791 0.654870 0.109250 0.495810
153.257943 149.306202 78.941453 0.654870 0.109250 0.495810
153.526791 148.819342 78.372836 0.654870 0.109250 0.495810
153.802217 148.334598 77.804851 0.654870 0.109250 0.495810
154.082657 147.850662 77.237224 0.654870 0.109250 0.495810
154.367859 147.367110 76.669658 0.654870 0.109250 0.495810
154.660465 146.879696 76.107733 0.654870 0.109250 0.495810
154.968040 146.383190 75.561793 0.654870 0.109250 0.495810
155.300246 145.875052 75.042363 0.654870 0.109250 0.495810
155.663662 145.358838 74.553366 0.654870 0.109250 0.495810
156.057485 144.845085 74.086495 0.654870 0.109250 0.495810
156.472636 144.346461 73.622934 0.654870 0.109250 0.495810
156.893337 143.866147 73.146372 0.654870 0.109250 0.495810
157.300257 143.391549 72.652580 0.654870 0.109250 0.495810
157.676338 142.900577 72.149793 0.654870 0.109250 0.495810
158.016361 142.377219 71.654021 0.654870 0.109250 0.495810
158.332783 141.820376 71.181571 0.654870 0.109250 0.495810
158.646260 141.239408 70.744388 0.654870 0.109250 0.495810
158.974075 140.646724 70.347974 0.654870 0.109250 0.495810
159.321082 140.051633 69.991853 0.654870 0.109250 0.495810
159.682059 139.457309 69.674232 0.654870 0.109250 0.495810
160.052435 138.864191 69.389620 0.654870 0.109250 0.495810
160.431131 138.272304 69.129091 0.654870 0.109250 0.495810
160.819279 137.682004 68.883816 0.654870 0.109250 0.495810
161.219512 137.094124 68.647779 0.654870 0.109250 0.495810
161.638363 136.514018 68.409351 0.654870 0.109250 0.495810
162.080147 135.948286 68.157282 0.654870 0.109250 0.495810
162.542631 135.400282 67.890461 0.654870 0.109250 0.495810
163.021524 134.873623 67.617255 0.654870 0.109250 0.495810
163.518644 134.377349 67.344222 0.654870 0.109250 0.495810
164.037662 133.916579 67.072350 0.654870 0.109250 0.495810
164.579095 133.485947 66.800855 0.654870 0.109250 0.495810
165.143697 133.076604 66.530319 0.654870 0.109250 0.495810
165.740765 132.689860 66.271226 0.654870 0.109250 0.495810
166.389894 132.354019 66.059813 0.654870 0.109250 0.495810
167.091834 132.082104 65.925988 0.654870 0.109250 0.495810
167.825582 131.851627 65.868005 0.654870 0.109250 0.495810
168.562996 131.619453 65.857824 0.654870 0.109250 0.495810
100
152.493576 154.926773 63.474284 0.797390 0.212600 0.602610
152.338812 155.276057 64.075386 0.797390 0.212600 0.602610
152.187467 155.595446 64.681326 0.797390 0.212600 0.602610
152.030276 155.883500 65.277907 0.797390 0.212600 0.602610
151.867658 156.138410 65.843447 0.797390 0.212600 0.602610
151.708549 156.365099 66.357815 0.797390 0.212600 0.602610
151.562733 156.576241 66.818228 0.797390 0.212600 0.602610
151.437066 156.782908 67.239250 0.797390 0.212600 0.602610
151.336911 156.988856 67.634316 0.797390 0.212600 0.602610
151.263009 157.193511 68.008643 0.797390 0.212600 0.602610
151.208705 157.396410 68.370800 0.797390 0.212600 0.602610
151.165236 157.597080 68.736813 0.797390 0.212600 0.602610
151.123057 157.791824 69.122711 0.797390 0.212600 0.602610
151.069296 157.973121 69.535410 0.797390 0.212600 0.602610
150.993597 158.135523 69.970020 0.797390 0.212600 0.602610
150.897729 158.279717 70.416951 0.797390 0.212600 0.602610
150.788613 158.409620 70.867761 0.797390 0.212600 0.602610
150.670554 158.530611 71.314550 0.797390 0.212600 0.602610
150.549121 158.650472 71.750696 0.797390 0.212600 0.602610
150.432468 158.777362 72.173334 0.797390 0.212600 0.602610
150.330103 158.918913 72.580777 0.797390 0.212600 0.602610
150.250105 159.080037 72.970454 0.797390 0.212600 0.602610
150.195067 159.260886 73.342747 0.797390 0.212600 0.602610
150.161427 159.456472 73.707738 0.797390 0.212600 0.602610
150.142404 159.658092 74.080243 0.797390 0.212600 0.602610
150.131286 159.858020 74.464975 0.797390 0.212600 0.602610
150.123549 160.053369 74.855116 0.797390 0.212600 0.602610
150.114361 160.244137 75.239422 0.797390 0.212600 0.602610
150.098432 160.429998 75.611128 0.797390 0.212600 0.602610
150.070834 160.611440 75.968464 0.797390 0.212600 0.602610
150.027355 160.792141 76.307701 0.797390 0.212600 0.602610
149.966779 160.977523 76.620452 0.797390 0.212600 0.602610
149.895283 161.172822 76.900871 0.797390 0.212600 0.602610
149.823906 161.380561 77.149308 0.797390 0.212600 0.602610
149.755790 161.600217 77.367491 0.797390 0.212600 0.602610
149.686248 161.832126 77.551141 0.797390 0.212600 0.602610
149.614425 162.077513 77.693862 0.797390 0.212600 0.602610
149.547925 162.334977 77.798210 0.797390 0.212600 0.602610
149.493820 162.600957 77.873718 0.797390 0.212600 0.602610
149.453768 162.871988 77.925811 0.797390 0.212600 0.602610
149.426862 163.145945 77.952796 0.797390 0.212600 0.602610
149.415771 163.422176 77.950109 0.797390 0.212600 0.602610
149.422744 163.699842 77.915633 0.797390 0.212600 0.602610
149.439704 163.977091 77.858049 0.797390 0.212600 0.602610
149.448776 164.251540 77.793560 0.797390 0.212600 0.602610
149.436171 164.521235 77.732615 0.797390 0.212600 0.602610
149.404337 164.785260 77.672051 0.797390 0.212600 0.602610
149.366420 165.044239 77.603876 0.797390 0.212600 0.602610
149.323879 165.299815 77.534000 0.797390 0.212600 0.602610
149.261860 165.553881 77.483370 0.797390 0.212600 0.602610
149.167285 165.806719 77.467423 0.797390 0.212600 0.602610
149.044653 166.057257 77.479909 0.797390 0.212600 0.602610
148.913182 166.305025 77.496540 0.797390 0.212600 0.602610
148.788475 166.551189 77.495242 0.797390 0.212600 0.602610
148.670137 166.796125 77.471593 0.797390 0.212600 0.602610
148.550760 167.039160 77.433035 0.797390 0.212600 0.602610
148.427103 167.280702 77.386583 0.797390 0.212600 0.602610
148.300403 167.521983 77.333650 0.797390 0.212600 0.602610
148.174228 167.763998 77.271726 0.797390 0.212600 0.602610
148.054331 168.007329 77.199801 0.797390 0.212600 0.602610
147.947160 168.252980 77.119695 0.797390 0.212600 0.602610
147.854462 168.502244 77.033465 0.797390 0.212600 0.602610
147.769458 168.755173 76.939445 0.797390 0.212600 0.602610
147.681197 169.009721 76.834587 0.797390 0.212600 0.602610
147.582498 169.263383 76.715412 0.797390 0.212600 0.602610
147.471717 169.515048 76.579030 0.797390 0.212600 0.602610
147.349906 169.764811 76.423655 0.797390 0.212600 0.602610
147.217099 170.011835 76.249811 0.797390 0.212600 0.602610
147.069531 170.252729 76.062703 0.797390 0.212600 0.602610
146.901982 170.484085 75.868316 0.797390 0.212600 0.602610
146.714834 170.706063 75.666278 0.797390 0.212600 0.602610
146.518198 170.922632 75.451850 0.797390 0.212600 0.602610
146.324733 171.138278 75.218626 0.797390 0.212600 0.602610
146.140301 171.353630 74.959914 0.797390 0.212600 0.602610
145.966552 171.568680 74.673483 0.797390 0.212600 0.602610
145.807578 171.786915 74.364018 0.797390 0.212600 0.602610
145.666484 172.011479 74.038633 0.797390 0.212600 0.602610
145.540643 172.240263 73.701701 0.797390 0.212600 0.602610
145.412292 172.464359 73.360353 0.797390 0.212600 0.602610
145.268969 172.677141 73.023135 0.797390 0.212600 0.602610
145.133533 172.884815 72.691094 0.797390 0.212600 0.602610
145.006316 173.086142 72.370362 0.797390 0.212600 0.602610
144.886326 173.279384 72.069189 0.797390 0.212600 0.602610
144.769986 173.467173 71.798770 0.797390 0.212600 0.602610
144.653783 173.656310 71.564612 0.797390 0.212600 0.602610
144.535176 173.850160 71.356404 0.797390 0.212600 0.602610
144.411534 174.045154 71.151806 0.797390 0.212600 0.602610
144.280348 174.234961 70.935943 0.797390 0.212600 0.602610
144.140827 174.417789 70.711440 0.797390 0.212600 0.602610
144.002999 174.600824 70.485965 0.797390 0.212600 0.602610
143.883882 174.791600 70.263914 0.797390 0.212600 0.602610
143.800059 174.992933 70.043320 0.797390 0.212600 0.602610
143.755195 175.204154 69.821915 0.797390 0.212600 0.602610
143.740757 175.422368 69.591704 0.797390 0.212600 0.602610
143.755601 175.646271 69.337522 0.797390 0.212600 0.602610
143.809062 175.874542 69.055543 0.797390 0.212600 0.602610
143.920479 176.107855 68.750184 0.797390 0.212600 0.602610
144.098615 176.354230 68.435635 0.797390 0.212600 0.602610
144.329285 176.624120 68.123773 0.797390 0.212600 0.602610
144.580627 176.921514 67.816338 0.797390 0.212600 0.602610
100
160.718536 147.562678 69.647574 0.674650 0.000000 0.473110
160.384028 147.527326 69.751280 0.674650 0.000000 0.473110
160.049687 147.486831 69.865716 0.674650 0.000000 0.473110
159.722964 147.450388 69.999432 0.674650 0.000000 0.473110
159.410838 147.426237 70.159165 0.674650 0.000000 0.473110
159.116375 147.415857 70.339585 0.674650 0.000000 0.473110
158.837725 147.414946 70.529178 0.674650 0.000000 0.473110
158.569762 147.416830 70.715020 0.674650 0.000000 0.473110
158.309961 147.420983 70.890974 0.674650 0.000000 0.473110
158.059637 147.432449 71.057770 0.674650 0.000000 0.473110
157.822200 147.458404 71.221809 0.674650 0.000000 0.473110
157.601020 147.504548 71.391369 0.674650 0.000000 0.473110
157.397484 147.570854 71.574178 0.674650 0.000000 0.473110
157.210375 147.652806 71.771973 0.674650 0.000000 0.473110
157.036498 147.744213 71.979185 0.674650 0.000000 0.473110
156.871882 147.840926 72.189669 0.674650 0.000000 0.473110
156.712495 147.940278 72.399237 0.674650 0.000000 0.473110
156.554436 148.039384 72.608130 0.674650 0.000000 0.473110
156.395235 148.135758 72.817258 0.674650 0.000000 0.473110
156.233908 148.228089 73.025389 0.674650 0.000000 0.473110
156.071540 148.316339 73.230548 0.674650 0.000000 0.473110
155.909736 148.401660 73.430517 0.674650 0.000000 0.473110
155.751144 148.486646 73.624107 0.674650 0.000000 0.473110
155.597782 148.574150 73.808651 0.674650 0.000000 0.473110
155.451910 148.666848 73.982737 0.674650 0.000000 0.473110
155.313968 148.764673 74.146767 0.674650 0.000000 0.473110
155.183545 148.865377 74.305579 0.674650 0.000000 0.473110
155.059470 148.964334 74.471225 0.674650 0.000000 0.473110
154.940537 149.056913 74.658660 0.674650 0.000000 0.473110
154.822953 149.143443 74.862047 0.674650 0.000000 0.473110
154.702551 149.226745 75.071497 0.674650 0.000000 0.473110
154.577534 149.309517 75.286370 0.674650 0.000000 0.473110
154.447011 149.395646 75.501996 0.674650 0.000000 0.473110
154.312178 149.488004 75.712804 0.674650 0.000000 0.473110
154.176989 149.587253 75.917025 0.674650 0.000000 0.473110
154.046880 149.692944 76.113216 0.674650 0.000000 0.473110
153.927447 149.804639 76.299028 0.674650 0.000000 0.473110
153.822249 149.922083 76.473059 0.674650 0.000000 0.473110
153.733111 150.044842 76.635679 0.674650 0.000000 0.473110
153.660523 150.172042 76.789641 0.674650 0.000000 0.473110
153.605066 150.303053 76.936922 0.674650 0.000000 0.473110
153.566311 150.438253 77.076885 0.674650 0.000000 0.473110
153.540599 150.580517 77.203647 0.674650 0.000000 0.473110
153.521181 150.733002 77.312153 0.674650 0.000000 0.473110
153.499826 150.897782 77.400342 0.674650 0.000000 0.473110
153.472383 151.072472 77.472194 0.674650 0.000000 0.473110
153.437421 151.253317 77.532960 0.674650 0.000000 0.473110
153.395519 151.436765 77.586469 0.674650 0.000000 0.473110
153.346910 151.620589 77.633731 0.674650 0.000000 0.473110
153.291713 151.803429 77.674446 0.674650 0.000000 0.473110
153.230769 151.984493 77.708666 0.674650 0.000000 0.473110
153.165585 152.163142 77.737329 0.674650 0.000000 0.473110
153.098121 152.338900 77.762162 0.674650 0.000000 0.473110
153.029881 152.511711 77.784716 0.674650 0.000000 0.473110
152.961413 152.683338 77.805246 0.674650 0.000000 0.473110
152.891994 152.858347 77.821669 0.674650 0.000000 0.473110
152.820609 153.045331 77.827038 0.674650 0.000000 0.473110
152.748004 153.250934 77.814246 0.674650 0.000000 0.473110
152.677563 153.475262 77.780366 0.674650 0.000000 0.473110
152.611752 153.709595 77.733736 0.674650 0.000000 0.473110
152.551559 153.945128 77.683893 0.674650 0.000000 0.473110
152.496001 154.181184 77.631170 0.674650 0.000000 0.473110
152.444663 154.418366 77.572567 0.674650 0.000000 0.473110
152.395984 154.657320 77.504687 0.674650 0.000000 0.473110
152.347533 154.899205 77.426310 0.674650 0.000000 0.473110
152.297473 155.145805 77.337047 0.674650 0.000000 0.473110
152.245305 155.398444 77.236279 0.674650 0.000000 0.473110
152.191547 155.657389 77.120940 0.674650 0.000000 0.473110
152.135180 155.920239 76.990869 0.674650 0.000000 0.473110
152.075093 156.183476 76.849076 0.674650 0.000000 0.473110
152.009394 156.443538 76.703011 0.674650 0.000000 0.473110
151.938692 156.698932 76.558209 0.674650 0.000000 0.473110
151.865673 156.950493 76.416989 0.674650 0.000000 0.473110
151.794851 157.200790 76.276820 0.674650 0.000000 0.473110
151.729921 157.452797 76.133773 0.674650 0.000000 0.473110
151.672148 157.708047 75.984903 0.674650 0.000000 0.473110
151.620525 157.966222 75.827739 0.674650 0.000000 0.473110
151.572442 158.225148 75.661921 0.674650 0.000000 0.473110
151.524691 158.482191 75.490430 0.674650 0.000000 0.473110
151.475715 158.735584 75.315799 0.674650 0.000000 0.473110
151.426456 158.985219 75.138994 0.674650 0.000000 0.473110
151.378897 159.232178 74.960148 0.674650 0.000000 0.473110
151.335401 159.478499 74.777969 0.674650 0.000000 0.473110
151.297074 159.725953 74.590605 0.674650 0.000000 0.473110
151.264271 159.975933 74.395859 0.674650 0.000000 0.473110
151.237227 160.229703 74.193179 0.674650 0.000000 0.473110
151.217231 160.489537 73.983055 0.674650 0.000000 0.473110
151.205383 160.758732 73.766935 0.674650 0.000000 0.473110
151.201908 161.039254 73.546276 0.674650 0.000000 0.473110
151.206164 161.331381 73.322398 0.674650 0.000000 0.473110
151.216175 161.633303 73.097299 0.674650 0.000000 0.473110
151.233231 161.942568 72.870823 0.674650 0.000000 0.473110
151.263482 162.256169 72.638598 0.674650 0.000000 0.473110
151.308121 162.574579 72.405825 0.674650 0.000000 0.473110
151.367144 162.901555 72.181509 0.674650 0.000000 0.473110
151.445479 163.241543 71.969969 0.674650 0.000000 0.473110
151.538537 163.590196 71.775864 0.674650 0.000000 0.473110
151.637969 163.939006 71.601365 0.674650 0.000000 0.473110
151.741117 164.277715 71.437960 0.674650 0.000000 0.473110
151.846339 164.595703 71.275425 0.674650 0.000000 0.473110
100
158.333269 143.868239 72.593544 0.776520 0.207800 0.589870
157.973216 144.181732 72.710842 0.776520 0.207800 0.589870
157.621222 144.501062 72.813098 0.776520 0.207800 0.589870
157.280894 144.842293 72.900275 0.776520 0.207800 0.589870
156.944892 145.204351 72.965348 0.776520 0.207800 0.589870
156.606038 145.576147 73.001755 0.776520 0.207800 0.589870
156.266262 145.952140 73.012785 0.776520 0.207800 0.589870
155.931112 146.335999 73.014878 0.776520 0.207800 0.589870
155.604480 146.733248 73.032432 0.776520 0.207800 0.589870
155.287914 147.143711 73.079557 0.776520 0.207800 0.589870
154.981577 147.564304 73.149163 0.776520 0.207800 0.589870
154.686003 147.994285 73.227699 0.776520 0.207800 0.589870
154.401565 148.432089 73.305207 0.776520 0.207800 0.589870
154.126015 148.870816 73.380775 0.776520 0.207800 0.589870
153.860132 149.297183 73.466435 0.776520 0.207800 0.589870
153.610628 149.701936 73.582892 0.776520 0.207800 0.589870
153.380671 150.090734 73.741208 0.776520 0.207800 0.589870
153.165490 150.477152 73.934628 0.776520 0.207800 0.589870
152.962711 150.866778 74.155163 0.776520 0.207800 0.589870
152.774598 151.256278 74.406386 0.776520 0.207800 0.589870
152.600917 151.636268 74.699018 0.776520 0.207800 0.589870
152.433624 151.999459 75.033404 0.776520 0.207800 0.589870
152.263042 152.346335 75.396682 0.776520 0.207800 0.589870
152.087043 152.685263 75.775163 0.776520 0.207800 0.589870
151.910605 153.026159 76.160909 0.776520 0.207800 0.589870
151.740540 153.374922 76.548735 0.776520 0.207800 0.589870
151.583287 153.732495 76.936070 0.776520 0.207800 0.589870
151.443260 154.096657 77.326740 0.776520 0.207800 0.589870
151.321722 154.464300 77.728457 0.776520 0.207800 0.589870
151.214942 154.832561 78.142885 0.776520 0.207800 0.589870
151.113640 155.199638 78.562166 0.776520 0.207800 0.589870
151.007551 155.566203 78.977056 0.776520 0.207800 0.589870
150.890717 155.936172 79.381677 0.776520 0.207800 0.589870
150.762416 156.315801 79.769440 0.776520 0.207800 0.589870
150.626244 156.709809 80.134329 0.776520 0.207800 0.589870
150.485316 157.117428 80.477842 0.776520 0.207800 0.589870
150.337199 157.535002 80.804041 0.776520 0.207800 0.589870
150.177682 157.960916 81.108735 0.776520 0.207800 0.589870
150.008113 158.397995 81.379942 0.776520 0.207800 0.589870
149.838852 158.850912 81.608209 0.776520 0.207800 0.589870
149.682676 159.320305 81.796056 0.776520 0.207800 0.589870
149.541934 159.800202 81.955064 0.776520 0.207800 0.589870
149.406086 160.282974 82.092976 0.776520 0.207800 0.589870
149.265447 160.763600 82.213244 0.776520 0.207800 0.589870
149.116903 161.240253 82.319729 0.776520 0.207800 0.589870
148.961586 161.713754 82.414938 0.776520 0.207800 0.589870
148.801773 162.187228 82.494690 0.776520 0.207800 0.589870
148.639933 162.663373 82.547720 0.776520 0.207800 0.589870
148.481174 163.141696 82.562045 0.776520 0.207800 0.589870
148.335116 163.619629 82.529094 0.776520 0.207800 0.589870
148.211158 164.095014 82.444715 0.776520 0.207800 0.589870
148.115731 164.571730 82.313090 0.776520 0.207800 0.589870
148.046115 165.057170 82.147505 0.776520 0.207800 0.589870
147.985505 165.552021 81.968907 0.776520 0.207800 0.589870
147.914903 166.048301 81.790061 0.776520 0.207800 0.589870
147.825132 166.540016 81.611773 0.776520 0.207800 0.589870
147.713313 167.025355 81.434610 0.776520 0.207800 0.589870
147.580316 167.504375 81.262649 0.776520 0.207800 0.589870
147.430415 167.978034 81.099629 0.776520 0.207800 0.589870
147.270912 168.448744 80.943575 0.776520 0.207800 0.589870
147.110893 168.919667 80.785998 0.776520 0.207800 0.589870
146.957574 169.393124 80.618999 0.776520 0.207800 0.589870
146.812239 169.869511 80.441167 0.776520 0.207800 0.589870
146.670247 170.348299 80.256588 0.776520 0.207800 0.589870
146.524366 170.829514 80.068958 0.776520 0.207800 0.589870
146.368128 171.315686 79.872741 0.776520 0.207800 0.589870
146.197972 171.811252 79.657659 0.776520 0.207800 0.589870
146.014689 172.314536 79.423837 0.776520 0.207800 0.589870
145.820783 172.818931 79.180677 0.776520 0.207800 0.589870
145.615384 173.318559 78.937823 0.776520 0.207800 0.589870
145.391429 173.809584 78.703152 0.776520 0.207800 0.589870
145.141915 174.289390 78.480047 0.776520 0.207800 0.589870
144.866287 174.756834 78.262948 0.776520 0.207800 0.589870
144.568185 175.211303 78.041150 0.776520 0.207800 0.589870
144.250329 175.651258 77.808405 0.776520 0.207800 0.589870
143.913172 176.074838 77.568101 0.776520 0.207800 0.589870
143.557860 176.481574 77.328316 0.776520 0.207800 0.589870
143.189853 176.873421 77.092224 0.776520 0.207800 0.589870
142.817838 177.253891 76.855011 0.776520 0.207800 0.589870
142.451993 177.628838 76.609846 0.776520 0.207800 0.589870
142.103642 178.007844 76.354495 0.776520 0.207800 0.589870
141.783153 178.401807 76.091987 0.776520 0.207800 0.589870
141.493045 178.815190 75.822899 0.776520 0.207800 0.589870
141.224271 179.242982 75.544350 0.776520 0.207800 0.589870
140.961937 179.675900 75.253968 0.776520 0.207800 0.589870
140.694409 180.107101 74.953729 0.776520 0.207800 0.589870
140.416433 180.532020 74.644973 0.776520 0.207800 0.589870
140.125490 180.939254 74.309416 0.776520 0.207800 0.589870
139.821215 181.326079 73.964053 0.776520 0.207800 0.589870
139.499733 181.688282 73.620347 0.776520 0.207800 0.589870
139.157199 182.025744 73.286745 0.776520 0.207800 0.589870
138.799038 182.345935 72.970042 0.776520 0.207800 0.589870
138.440714 182.655837 72.652808 0.776520 0.207800 0.589870
138.082614 182.962851 72.343420 0.776520 0.207800 0.589870
137.728952 183.270950 72.039842 0.776520 0.207800 0.589870
137.379880 183.578999 71.733572 0.776520 0.207800 0.589870
137.051671 183.878543 71.394701 0.776520 0.207800 0.589870
136.747289 184.157655 71.009029 0.776520 0.207800 0.589870
136.451549 184.410553 70.596591 0.776520 0.207800 0.589870
136.177092 184.643540 70.170961 0.776520 0.207800 0.589870
100
164.055496 131.856064 62.011662 0.814830 0.225510 0.616080
163.743570 132.550687 62.451943 0.814830 0.225510 0.616080
163.387101 133.178369 62.953180 0.814830 0.225510 0.616080
163.003503 133.740484 63.509927 0.814830 0.225510 0.616080
162.608565 134.266702 64.094716 0.814830 0.225510 0.616080
162.206742 134.796024 64.671474 0.814830 0.225510 0.616080
161.794296 135.350543 65.215989 0.814830 0.225510 0.616080
161.369732 135.934275 65.719481 0.814830 0.225510 0.616080
160.935370 136.542952 66.183989 0.814830 0.225510 0.616080
160.496121 137.169678 66.619622 0.814830 0.225510 0.616080
160.060721 137.808237 67.041995 0.814830 0.225510 0.616080
159.636865 138.456876 67.460778 0.814830 0.225510 0.616080
159.224916 139.114623 67.877355 0.814830 0.225510 0.616080
158.822270 139.777803 68.294510 0.814830 0.225510 0.616080
158.429780 140.441334 68.720547 0.814830 0.225510 0.616080
158.049808 141.100852 69.163651 0.814830 0.225510 0.616080
157.678707 141.751287 69.627123 0.814830 0.225510 0.616080
157.306292 142.385723 70.111066 0.814830 0.225510 0.616080
156.926685 143.001460 70.613064 0.814830 0.225510 0.616080
156.541571 143.605481 71.125077 0.814830 0.225510 0.616080
156.153690 144.217974 71.624694 0.814830 0.225510 0.616080
155.770845 144.864787 72.081883 0.814830 0.225510 0.616080
155.407978 145.558243 72.484318 0.814830 0.225510 0.616080
155.081072 146.290290 72.849232 0.814830 0.225510 0.616080
154.798376 147.045084 73.204866 0.814830 0.225510 0.616080
154.555528 147.811391 73.565818 0.814830 0.225510 0.616080
154.338810 148.583001 73.932484 0.814830 0.225510 0.616080
154.136168 149.356491 74.303309 0.814830 0.225510 0.616080
153.936382 150.129366 74.677047 0.814830 0.225510 0.616080
153.725967 150.904733 75.038894 0.814830 0.225510 0.616080
153.491890 151.688382 75.365388 0.814830 0.225510 0.616080
153.228131 152.483891 75.634998 0.814830 0.225510 0.616080
152.945256 153.294486 75.829554 0.814830 0.225510 0.616080
152.673325 154.124725 75.939636 0.814830 0.225510 0.616080
152.442261 154.973941 75.978234 0.814830 0.225510 0.616080
152.257036 155.835812 75.971591 0.814830 0.225510 0.616080
152.097422 156.702855 75.943031 0.814830 0.225510 0.616080
151.939810 157.570005 75.907519 0.814830 0.225510 0.616080
151.776121 158.435798 75.867021 0.814830 0.225510 0.616080
151.609189 159.300065 75.811420 0.814830 0.225510 0.616080
151.436635 160.160982 75.729511 0.814830 0.225510 0.616080
151.250268 161.015816 75.619337 0.814830 0.225510 0.616080
151.050639 161.864480 75.486478 0.814830 0.225510 0.616080
150.842463 162.709049 75.340993 0.814830 0.225510 0.616080
150.616331 163.549655 75.200287 0.814830 0.225510 0.616080
150.358085 164.383645 75.078526 0.814830 0.225510 0.616080
150.068040 165.209694 74.973958 0.814830 0.225510 0.616080
149.763434 166.031125 74.873350 0.814830 0.225510 0.616080
149.459295 166.852170 74.768309 0.814830 0.225510 0.616080
149.150296 167.671439 74.664059 0.814830 0.225510 0.616080
148.819169 168.483205 74.571678 0.814830 0.225510 0.616080
148.463224 169.285974 74.493138 0.814830 0.225510 0.616080
148.098879 170.085169 74.415322 0.814830 0.225510 0.616080
147.748539 170.888348 74.319539 0.814830 0.225510 0.616080
147.423813 171.699041 74.199431 0.814830 0.225510 0.616080
147.119888 172.515670 74.064085 0.814830 0.225510 0.616080
146.827822 173.335556 73.922485 0.814830 0.225510 0.616080
146.546720 174.157450 73.770956 0.814830 0.225510 0.616080
146.277360 174.979684 73.601192 0.814830 0.225510 0.616080
146.011552 175.799715 73.415675 0.814830 0.225510 0.616080
145.734805 176.615402 73.227284 0.814830 0.225510 0.616080
145.431522 177.424087 73.050919 0.814830 0.225510 0.616080
145.087292 178.220447 72.897006 0.814830 0.225510 0.616080
144.699115 179.000198 72.763355 0.814830 0.225510 0.616080
144.278692 179.764743 72.637913 0.814830 0.225510 0.616080
143.838636 180.517919 72.511299 0.814830 0.225510 0.616080
143.379715 181.258850 72.380386 0.814830 0.225510 0.616080
142.899119 181.983792 72.238892 0.814830 0.225510 0.616080
142.400175 182.692111 72.078665 0.814830 0.225510 0.616080
141.886728 183.386044 71.901808 0.814830 0.225510 0.616080
141.360173 184.070725 71.727684 0.814830 0.225510 0.616080
140.829476 184.756931 71.573540 0.814830 0.225510 0.616080
140.313718 185.456575 71.429136 0.814830 0.225510 0.616080
139.832763 186.175751 71.264414 0.814830 0.225510 0.616080
139.396934 186.914171 71.063150 0.814830 0.225510 0.616080
139.001556 187.666687 70.831120 0.814830 0.225510 0.616080
138.631520 188.423312 70.571834 0.814830 0.225510 0.616080
138.272660 189.174210 70.282180 0.814830 0.225510 0.616080
137.911880 189.911826 69.962684 0.814830 0.225510 0.616080
137.535419 190.630326 69.618638 0.814830 0.225510 0.616080
137.117508 191.318522 69.263038 0.814830 0.225510 0.616080
136.629936 191.967630 68.926230 0.814830 0.225510 0.616080
136.075978 192.591107 68.647706 0.814830 0.225510 0.616080
135.494688 193.217851 68.437087 0.814830 0.225510 0.616080
134.918698 193.857615 68.249714 0.814830 0.225510 0.616080
134.364440 194.500759 68.018602 0.814830 0.225510 0.616080
133.842022 195.132366 67.701389 0.814830 0.225510 0.616080
133.359344 195.744596 67.294480 0.814830 0.225510 0.616080
132.926075 196.325323 66.797922 0.814830 0.225510 0.616080
132.550312 196.838998 66.196962 0.814830 0.225510 0.616080
132.220341 197.238156 65.492685 0.814830 0.225510 0.616080
131.894515 197.495645 64.724378 0.814830 0.225510 0.616080
131.532784 197.605799 63.936170 0.814830 0.225510 0.616080
131.139425 197.590517 63.152103 0.814830 0.225510 0.616080
130.768558 197.480383 62.366026 0.814830 0.225510 0.616080
130.473223 197.307957 61.555416 0.814830 0.225510 0.616080
130.378905 197.022126 60.742395 0.814830 0.225510 0.616080
130.464625 196.625816 59.955092 0.814830 0.225510 0.616080
130.558427 196.190674 59.204314 0.814830 0.225510 0.616080
130.710815 195.622543 58.552067 0.814830 0.225510 0.616080
100
65.261060 129.296235 73.554556 0.000000 0.475850 0.503970
65.885334 129.551260 73.576428 0.000000 0.475850 0.503970
66.506443 129.806957 73.601453 0.000000 0.475850 0.503970
67.127954 130.048313 73.626314 0.000000 0.475850 0.503970
67.750949 130.271206 73.652886 0.000000 0.475850 0.503970
68.373213 130.488553 73.687472 0.000000 0.475850 0.503970
68.995782 130.690519 73.724827 0.000000 0.475850 0.503970
69.619226 130.873458 73.761773 0.000000 0.475850 0.503970
70.246437 131.047317 73.801059 0.000000 0.475850 0.503970
70.878850 131.229270 73.843525 0.000000 0.475850 0.503970
71.515302 131.430325 73.889079 0.000000 0.475850 0.503970
72.153554 131.644120 73.941294 0.000000 0.475850 0.503970
72.787760 131.870433 73.997185 0.000000 0.475850 0.503970
73.413126 132.112062 74.060240 0.000000 0.475850 0.503970
74.027045 132.365978 74.142087 0.000000 0.475850 0.503970
74.624004 132.640365 74.245051 0.000000 0.475850 0.503970
75.198901 132.950309 74.362225 0.000000 0.475850 0.503970
75.750676 133.305185 74.486554 0.000000 0.475850 0.503970
76.281903 133.702858 74.620074 0.000000 0.475850 0.503970
76.791735 134.137156 74.770136 0.000000 0.475850 0.503970
77.279782 134.596499 74.943692 0.000000 0.475850 0.503970
77.748340 135.068887 75.145075 0.000000 0.475850 0.503970
78.200284 135.547024 75.376255 0.000000 0.475850 0.503970
78.635655 136.030022 75.634161 0.000000 0.475850 0.503970
79.053733 136.518008 75.911042 0.000000 0.475850 0.503970
79.453382 137.010841 76.201054 0.000000 0.475850 0.503970
79.831485 137.508877 76.505143 0.000000 0.475850 0.503970
80.181276 138.013156 76.829206 0.000000 0.475850 0.503970
80.497049 138.523361 77.177208 0.000000 0.475850 0.503970
80.779702 139.037224 77.549203 0.000000 0.475850 0.503970
81.034942 139.551740 77.944394 0.000000 0.475850 0.503970
81.272356 140.063482 78.360180 0.000000 0.475850 0.503970
81.500952 140.570140 78.791319 0.000000 0.475850 0.503970
81.728738 141.073114 79.229007 0.000000 0.475850 0.503970
81.960858 141.578172 79.662919 0.000000 0.475850 0.503970
82.195798 142.093768 80.085501 0.000000 0.475850 0.503970
82.427187 142.625010 80.494430 0.000000 0.475850 0.503970
82.652288 143.170845 80.890988 0.000000 0.475850 0.503970
82.874528 143.726691 81.277248 0.000000 0.475850 0.503970
83.102210 144.288092 81.653190 0.000000 0.475850 0.503970
83.340581 144.852303 82.018728 0.000000 0.475850 0.503970
83.589934 145.418675 82.373884 0.000000 0.475850 0.503970
83.845035 145.988930 82.718478 0.000000 0.475850 0.503970
84.098638 146.565522 83.052688 0.000000 0.475850 0.503970
84.345040 147.149596 83.377876 0.000000 0.475850 0.503970
84.581758 147.740828 83.695963 0.000000 0.475850 0.503970
84.808102 148.339552 84.006383 0.000000 0.475850 0.503970
85.021916 148.948282 84.305061 0.000000 0.475850 0.503970
85.217883 149.569377 84.586997 0.000000 0.475850 0.503970
85.389701 150.201875 84.851812 0.000000 0.475850 0.503970
85.532850 150.843227 85.102341 0.000000 0.475850 0.503970
85.645499 151.492262 85.339375 0.000000 0.475850 0.503970
85.727905 152.149910 85.559409 0.000000 0.475850 0.503970
85.781450 152.816569 85.757557 0.000000 0.475850 0.503970
85.807274 153.491636 85.930328 0.000000 0.475850 0.503970
85.806833 154.174731 86.074865 0.000000 0.475850 0.503970
85.783816 154.865239 86.190713 0.000000 0.475850 0.503970
85.743373 155.561486 86.279243 0.000000 0.475850 0.503970
85.689778 156.261053 86.342046 0.000000 0.475850 0.503970
85.625422 156.961585 86.380532 0.000000 0.475850 0.503970
85.552362 157.661493 86.395804 0.000000 0.475850 0.503970
85.474145 158.360108 86.387867 0.000000 0.475850 0.503970
85.395911 159.057516 86.356327 0.000000 0.475850 0.503970
85.323490 159.754390 86.303061 0.000000 0.475850 0.503970
85.263039 160.450881 86.231747 0.000000 0.475850 0.503970
85.219891 161.145837 86.144547 0.000000 0.475850 0.503970
85.197190 161.837559 86.042320 0.000000 0.475850 0.503970
85.194900 162.525422 85.925141 0.000000 0.475850 0.503970
85.212592 163.210512 85.794841 0.000000 0.475850 0.503970
85.250159 163.894075 85.654262 0.000000 0.475850 0.503970
85.308078 164.576628 85.507284 0.000000 0.475850 0.503970
85.386758 165.257557 85.356924 0.000000 0.475850 0.503970
85.488264 165.935203 85.204947 0.000000 0.475850 0.503970
85.616193 166.607207 85.052270 0.000000 0.475850 0.503970
85.771208 167.272803 84.902020 0.000000 0.475850 0.503970
85.951544 167.932488 84.757277 0.000000 0.475850 0.503970
86.158759 168.585643 84.617302 0.000000 0.475850 0.503970
86.394990 169.230650 84.482192 0.000000 0.475850 0.503970
86.660362 169.866027 84.354121 0.000000 0.475850 0.503970
86.951730 170.492309 84.238737 0.000000 0.475850 0.503970
87.262566 171.111889 84.140067 0.000000 0.475850 0.503970
87.586280 171.726873 84.057099 0.000000 0.475850 0.503970
87.918769 172.338264 83.985515 0.000000 0.475850 0.503970
88.257927 172.946296 83.923389 0.000000 0.475850 0.503970
88.602061 173.550770 83.873412 0.000000 0.475850 0.503970
88.946868 174.153342 83.835068 0.000000 0.475850 0.503970
89.287283 174.756061 83.802637 0.000000 0.475850 0.503970
89.622447 175.357094 83.772888 0.000000 0.475850 0.503970
89.954443 175.951864 83.749932 0.000000 0.475850 0.503970
90.283746 176.539516 83.741906 0.000000 0.475850 0.503970
90.609905 177.125022 83.755990 0.000000 0.475850 0.503970
90.933357 177.713657 83.794644 0.000000 0.475850 0.503970
91.257628 178.303855 83.855822 0.000000 0.475850 0.503970
91.588182 178.888136 83.936679 0.000000 0.475850 0.503970
91.928344 179.459366 84.038990 0.000000 0.475850 0.503970
92.276911 180.016432 84.165287 0.000000 0.475850 0.503970
92.628348 180.565200 84.315956 0.000000 0.475850 0.503970
92.972596 181.114999 84.488004 0.000000 0.475850 0.503970
93.299183 181.670091 84.680918 0.000000 0.475850 0.503970
93.599233 182.231632 84.894069 0.000000 0.475850 0.503970
100
71.903544 126.380539 72.955610 0.000000 0.588390 0.620190
72.498170 126.951313 72.957908 0.000000 0.588390 0.620190
73.092985 127.524192 72.999003 0.000000 0.588390 0.620190
73.676275 128.104401 73.086574 0.000000 0.588390 0.620190
74.249266 128.690760 73.190148 0.000000 0.588390 0.620190
74.816122 129.278289 73.281285 0.000000 0.588390 0.620190
75.375762 129.864905 73.375211 0.000000 0.588390 0.620190
75.926982 130.453992 73.485814 0.000000 0.588390 0.620190
76.480068 131.039930 73.605865 0.000000 0.588390 0.620190
77.052005 131.603298 73.732505 0.000000 0.588390 0.620190
77.648200 132.138015 73.860463 0.000000 0.588390 0.620190
78.263816 132.650406 73.988201 0.000000 0.588390 0.620190
78.890301 133.151264 74.125047 0.000000 0.588390 0.620190
79.515545 133.652988 74.287204 0.000000 0.588390 0.620190
80.127841 134.164638 74.483485 0.000000 0.588390 0.620190
80.714066 134.696555 74.713570 0.000000 0.588390 0.620190
81.250465 135.267360 74.975241 0.000000 0.588390 0.620190
81.705652 135.891768 75.264731 0.000000 0.588390 0.620190
82.057807 136.568236 75.577351 0.000000 0.588390 0.620190
82.311378 137.282001 75.905765 0.000000 0.588390 0.620190
82.491448 138.018881 76.237340 0.000000 0.588390 0.620190
82.615229 138.773418 76.557001 0.000000 0.588390 0.620190
82.682914 139.542983 76.853179 0.000000 0.588390 0.620190
82.693093 140.321510 77.124035 0.000000 0.588390 0.620190
82.665195 141.100646 77.380786 0.000000 0.588390 0.620190
82.634150 141.875936 77.637321 0.000000 0.588390 0.620190
82.621743 142.647960 77.896907 0.000000 0.588390 0.620190
82.631054 143.420972 78.151567 0.000000 0.588390 0.620190
82.659238 144.199842 78.388756 0.000000 0.588390 0.620190
82.708715 144.986050 78.598752 0.000000 0.588390 0.620190
82.783675 145.776115 78.779939 0.000000 0.588390 0.620190
82.886956 146.564878 78.938197 0.000000 0.588390 0.620190
83.019003 147.348371 79.084328 0.000000 0.588390 0.620190
83.176311 148.124141 79.232584 0.000000 0.588390 0.620190
83.350915 148.891763 79.396000 0.000000 0.588390 0.620190
83.532627 149.652635 79.581855 0.000000 0.588390 0.620190
83.712164 150.408770 79.791884 0.000000 0.588390 0.620190
83.884522 151.161908 80.022693 0.000000 0.588390 0.620190
84.046503 151.915063 80.266370 0.000000 0.588390 0.620190
84.191860 152.676321 80.507107 0.000000 0.588390 0.620190
84.305686 153.456966 80.718283 0.000000 0.588390 0.620190
84.370516 154.259063 80.877477 0.000000 0.588390 0.620190
84.381567 155.072555 80.987647 0.000000 0.588390 0.620190
84.351010 155.888879 81.063854 0.000000 0.588390 0.620190
84.298918 156.704951 81.115791 0.000000 0.588390 0.620190
84.244338 157.520178 81.147817 0.000000 0.588390 0.620190
84.195810 158.334195 81.161084 0.000000 0.588390 0.620190
84.153638 159.146526 81.155659 0.000000 0.588390 0.620190
84.120804 159.958335 81.133359 0.000000 0.588390 0.620190
84.110295 160.772251 81.098583 0.000000 0.588390 0.620190
84.136867 161.588926 81.054543 0.000000 0.588390 0.620190
84.203136 162.406048 80.999753 0.000000 0.588390 0.620190
84.300532 163.220492 80.928242 0.000000 0.588390 0.620190
84.419950 164.030102 80.834313 0.000000 0.588390 0.620190
84.556777 164.834342 80.718559 0.000000 0.588390 0.620190
84.711091 165.633605 80.586194 0.000000 0.588390 0.620190
84.887203 166.427148 80.441403 0.000000 0.588390 0.620190
85.089350 167.212996 80.287744 0.000000 0.588390 0.620190
85.318041 167.990332 80.131216 0.000000 0.588390 0.620190
85.572654 168.759803 79.978864 0.000000 0.588390 0.620190
85.853982 169.521780 79.838463 0.000000 0.588390 0.620190
86.161051 170.276962 79.719279 0.000000 0.588390 0.620190
86.490845 171.025532 79.625627 0.000000 0.588390 0.620190
86.842366 171.765357 79.552687 0.000000 0.588390 0.620190
87.216391 172.494026 79.492895 0.000000 0.588390 0.620190
87.610074 173.213235 79.444747 0.000000 0.588390 0.620190
88.016961 173.927297 79.407369 0.000000 0.588390 0.620190
88.434162 174.636849 79.374493 0.000000 0.588390 0.620190
88.864046 175.337787 79.343257 0.000000 0.588390 0.620190
89.303579 176.029216 79.323628 0.000000 0.588390 0.620190
89.739580 176.716990 79.334093 0.000000 0.588390 0.620190
90.159919 177.405504 79.384200 0.000000 0.588390 0.620190
90.573833 178.088548 79.463041 0.000000 0.588390 0.620190
91.002993 178.756114 79.547039 0.000000 0.588390 0.620190
91.460077 179.405480 79.613068 0.000000 0.588390 0.620190
91.931238 180.045984 79.650971 0.000000 0.588390 0.620190
92.393782 180.689989 79.662324 0.000000 0.588390 0.620190
92.840446 181.337894 79.650205 0.000000 0.588390 0.620190
93.282268 181.978918 79.611335 0.000000 0.588390 0.620190
93.730667 182.605502 79.539634 0.000000 0.588390 0.620190
94.182606 183.223571 79.442511 0.000000 0.588390 0.620190
94.622757 183.845614 79.345726 0.000000 0.588390 0.620190
95.037169 184.473601 79.282986 0.000000 0.588390 0.620190
95.416798 185.090202 79.279379 0.000000 0.588390 0.620190
95.755385 185.681054 79.340880 0.000000 0.588390 0.620190
96.052030 186.246059 79.461347 0.000000 0.588390 0.620190
96.320177 186.795530 79.629070 0.000000 0.588390 0.620190
96.578042 187.343747 79.833612 0.000000 0.588390 0.620190
96.827676 187.908033 80.067495 0.000000 0.588390 0.620190
97.055659 188.505972 80.313641 0.000000 0.588390 0.620190
97.250348 189.150407 80.547262 0.000000 0.588390 0.620190
97.396755 189.850753 80.742353 0.000000 0.588390 0.620190
97.471566 190.606891 80.877843 0.000000 0.588390 0.620190
97.463775 191.398023 80.942455 0.000000 0.588390 0.620190
97.384823 192.201390 80.949033 0.000000 0.588390 0.620190
97.258612 193.004808 80.923262 0.000000 0.588390 0.620190
97.098286 193.799590 80.903104 0.000000 0.588390 0.620190
96.903684 194.563650 80.935936 0.000000 0.588390 0.620190
96.682088 195.277036 81.031772 0.000000 0.588390 0.620190
96.452082 195.938756 81.168399 0.000000 0.588390 0.620190
100
148.888688 163.501251 76.846899 0.692620 0.199950 0.542610
148.637689 163.338488 76.459693 0.692620 0.199950 0.542610
148.356022 163.137597 76.113546 0.692620 0.199950 0.542610
148.052503 162.925885 75.829222 0.692620 0.199950 0.542610
147.758737 162.748832 75.622145 0.692620 0.199950 0.542610
147.509407 162.631772 75.485854 0.692620 0.199950 0.542610
147.313418 162.555048 75.393971 0.692620 0.199950 0.542610
147.164267 162.494716 75.329248 0.692620 0.199950 0.542610
147.067747 162.444841 75.292980 0.692620 0.199950 0.542610
147.031662 162.412443 75.289195 0.692620 0.199950 0.542610
147.053727 162.410076 75.312864 0.692620 0.199950 0.542610
147.120929 162.442622 75.350464 0.692620 0.199950 0.542610
147.222315 162.500262 75.399546 0.692620 0.199950 0.542610
147.355104 162.567447 75.474884 0.692620 0.199950 0.542610
147.506221 162.637210 75.570115 0.692620 0.199950 0.542610
147.674299 162.702436 75.702996 0.692620 0.199950 0.542610
147.854795 162.760978 75.878388 0.692620 0.199950 0.542610
148.042961 162.815732 76.087547 0.692620 0.199950 0.542610
148.238098 162.869976 76.317795 0.692620 0.199950 0.542610
148.436843 162.923212 76.549965 0.692620 0.199950 0.542610
148.633469 162.969033 76.774702 0.692620 0.199950 0.542610
148.823492 162.998674 77.006008 0.692620 0.199950 0.542610
149.002097 163.004528 77.263542 0.692620 0.199950 0.542610
149.163108 162.982701 77.552280 0.692620 0.199950 0.542610
149.299388 162.934820 77.862471 0.692620 0.199950 0.542610
149.404965 162.869167 78.184542 0.692620 0.199950 0.542610
149.479173 162.799074 78.517290 0.692620 0.199950 0.542610
149.529078 162.733515 78.863418 0.692620 0.199950 0.542610
149.560512 162.669031 79.230653 0.692620 0.199950 0.542610
149.570823 162.596569 79.630915 0.692620 0.199950 0.542610
149.556455 162.510782 80.069631 0.692620 0.199950 0.542610
149.524084 162.411429 80.537306 0.692620 0.199950 0.542610
149.487571 162.298392 81.017668 0.692620 0.199950 0.542610
149.455260 162.171788 81.501958 0.692620 0.199950 0.542610
149.424496 162.033747 81.988595 0.692620 0.199950 0.542610
149.386965 161.886858 82.475757 0.692620 0.199950 0.542610
149.337282 161.733721 82.957767 0.692620 0.199950 0.542610
149.277437 161.576674 83.426510 0.692620 0.199950 0.542610
149.213821 161.415891 83.874063 0.692620 0.199950 0.542610
149.149921 161.249344 84.294675 0.692620 0.199950 0.542610
149.083953 161.077416 84.688644 0.692620 0.199950 0.542610
149.011542 160.905923 85.059687 0.692620 0.199950 0.542610
148.927772 160.748379 85.403935 0.692620 0.199950 0.542610
148.830251 160.622823 85.703993 0.692620 0.199950 0.542610
148.724166 160.538439 85.941735 0.692620 0.199950 0.542610
148.622085 160.481151 86.122048 0.692620 0.199950 0.542610
148.529307 160.437930 86.256564 0.692620 0.199950 0.542610
148.465171 160.406711 86.347759 0.692620 0.199950 0.542610
148.463833 160.401056 86.390959 0.692620 0.199950 0.542610
148.534635 160.432429 86.389548 0.692620 0.199950 0.542610
148.637892 160.487863 86.360582 0.692620 0.199950 0.542610
148.737100 160.547492 86.315342 0.692620 0.199950 0.542610
148.816881 160.601198 86.258070 0.692620 0.199950 0.542610
148.876457 160.646339 86.192932 0.692620 0.199950 0.542610
148.920416 160.683201 86.126555 0.692620 0.199950 0.542610
148.954517 160.714155 86.061669 0.692620 0.199950 0.542610
148.986319 160.744894 85.988312 0.692620 0.199950 0.542610
149.025613 160.782926 85.885838 0.692620 0.199950 0.542610
149.078018 160.830040 85.741452 0.692620 0.199950 0.542610
149.138686 160.881497 85.557169 0.692620 0.199950 0.542610
149.198852 160.932870 85.343189 0.692620 0.199950 0.542610
149.253227 160.986971 85.101720 0.692620 0.199950 0.542610
149.299711 161.060792 84.816497 0.692620 0.199950 0.542610
149.335551 161.181581 84.467577 0.692620 0.199950 0.542610
149.361258 161.344473 84.068724 0.692620 0.199950 0.542610
149.379196 161.526615 83.643629 0.692620 0.199950 0.542610
149.393462 161.708763 83.207721 0.692620 0.199950 0.542610
149.409956 161.884402 82.766948 0.692620 0.199950 0.542610
149.433943 162.056304 82.323753 0.692620 0.199950 0.542610
149.466060 162.228509 81.880408 0.692620 0.199950 0.542610
149.502726 162.402203 81.437949 0.692620 0.199950 0.542610
149.541454 162.574525 80.994753 0.692620 0.199950 0.542610
149.579419 162.741678 80.550064 0.692620 0.199950 0.542610
149.611203 162.901986 80.106674 0.692620 0.199950 0.542610
149.629219 163.055083 79.670796 0.692620 0.199950 0.542610
149.625447 163.197245 79.251390 0.692620 0.199950 0.542610
149.592439 163.318203 78.860635 0.692620 0.199950 0.542610
149.529866 163.407450 78.507762 0.692620 0.199950 0.542610
149.446488 163.463949 78.188785 0.692620 0.199950 0.542610
149.350597 163.494995 77.887249 0.692620 0.199950 0.542610
149.241991 163.508673 77.585847 0.692620 0.199950 0.542610
149.114612 163.509182 77.278734 0.692620 0.199950 0.542610
148.963794 163.497797 76.972231 0.692620 0.199950 0.542610
148.789194 163.473750 76.670285 0.692620 0.199950 0.542610
148.595331 163.438272 76.370011 0.692620 0.199950 0.542610
148.390036 163.394705 76.071409 0.692620 0.199950 0.542610
148.181937 163.344494 75.786492 0.692620 0.199950 0.542610
147.977940 163.285108 75.534229 0.692620 0.199950 0.542610
147.781851 163.215206 75.321864 0.692620 0.199950 0.542610
147.596682 163.140312 75.135688 0.692620 0.199950 0.542610
147.427500 163.071038 74.955717 0.692620 0.199950 0.542610
147.282528 163.018191 74.778098 0.692620 0.199950 0.542610
147.168068 162.987250 74.616563 0.692620 0.199950 0.542610
147.081844 162.977491 74.478464 0.692620 0.199950 0.542610
147.014758 162.989140 74.341639 0.692620 0.199950 0.542610
146.962495 163.029635 74.170023 0.692620 0.199950 0.542610
146.926718 163.103808 73.936921 0.692620 0.199950 0.542610
146.905757 163.209696 73.644517 0.692620 0.199950 0.542610
146.894264 163.331643 73.293577 0.692620 0.199950 0.542610
146.888047 163.440231 72.857021 0.692620 0.199950 0.542610
100
163.434648 137.300078 67.250680 0.739010 0.196400 0.566080
163.008064 137.616157 67.398377 0.739010 0.196400 0.566080
162.568837 137.916653 67.562346 0.739010 0.196400 0.566080
162.126012 138.211699 67.745802 0.739010 0.196400 0.566080
161.689553 138.513556 67.953360 0.739010 0.196400 0.566080
161.266770 138.830311 68.181354 0.739010 0.196400 0.566080
160.858239 139.161654 68.417466 0.739010 0.196400 0.566080
160.462385 139.507766 68.650444 0.739010 0.196400 0.566080
160.080337 139.873514 68.874882 0.739010 0.196400 0.566080
159.712740 140.261645 69.089501 0.739010 0.196400 0.566080
159.357169 140.669287 69.295531 0.739010 0.196400 0.566080
159.010490 141.090690 69.494884 0.739010 0.196400 0.566080
158.673303 141.522798 69.687941 0.739010 0.196400 0.566080
158.348153 141.964720 69.873609 0.739010 0.196400 0.566080
158.034093 142.414459 70.053917 0.739010 0.196400 0.566080
157.726050 142.868102 70.235689 0.739010 0.196400 0.566080
157.418875 143.322048 70.427433 0.739010 0.196400 0.566080
157.110336 143.773466 70.636673 0.739010 0.196400 0.566080
156.800944 144.220476 70.869047 0.739010 0.196400 0.566080
156.493286 144.662508 71.127150 0.739010 0.196400 0.566080
156.188550 145.097107 71.411483 0.739010 0.196400 0.566080
155.884225 145.518179 71.722804 0.739010 0.196400 0.566080
155.575781 145.920078 72.059989 0.739010 0.196400 0.566080
155.261071 146.303883 72.418136 0.739010 0.196400 0.566080
154.940864 146.676850 72.790774 0.739010 0.196400 0.566080
154.616712 147.047861 73.170900 0.739010 0.196400 0.566080
154.292423 147.426608 73.550106 0.739010 0.196400 0.566080
153.976260 147.822536 73.920541 0.739010 0.196400 0.566080
153.679251 148.241251 74.280125 0.739010 0.196400 0.566080
153.412042 148.683501 74.632366 0.739010 0.196400 0.566080
153.180977 149.145127 74.982624 0.739010 0.196400 0.566080
152.985113 149.620053 75.333569 0.739010 0.196400 0.566080
152.816942 150.102086 75.686148 0.739010 0.196400 0.566080
152.667691 150.587044 76.039710 0.739010 0.196400 0.566080
152.530275 151.072910 76.392359 0.739010 0.196400 0.566080
152.399173 151.559481 76.740982 0.739010 0.196400 0.566080
152.269771 152.048454 77.081118 0.739010 0.196400 0.566080
152.138751 152.542316 77.408182 0.739010 0.196400 0.566080
152.003982 153.042276 77.719532 0.739010 0.196400 0.566080
151.862341 153.547977 78.013857 0.739010 0.196400 0.566080
151.711158 154.060047 78.287074 0.739010 0.196400 0.566080
151.550904 154.581957 78.530902 0.739010 0.196400 0.566080
151.386969 155.118567 78.735897 0.739010 0.196400 0.566080
151.228877 155.672741 78.896037 0.739010 0.196400 0.566080
151.085405 156.242201 79.013251 0.739010 0.196400 0.566080
150.956544 156.821786 79.096377 0.739010 0.196400 0.566080
150.834407 157.407037 79.155931 0.739010 0.196400 0.566080
150.711182 157.994038 79.202949 0.739010 0.196400 0.566080
150.583527 158.579647 79.245608 0.739010 0.196400 0.566080
150.451163 159.161366 79.288102 0.739010 0.196400 0.566080
150.313366 159.737435 79.330153 0.739010 0.196400 0.566080
150.167892 160.307039 79.368887 0.739010 0.196400 0.566080
150.013995 160.870925 79.400806 0.739010 0.196400 0.566080
149.851592 161.430414 79.433012 0.739010 0.196400 0.566080
149.689186 161.993998 79.442490 0.739010 0.196400 0.566080
149.531142 162.564134 79.417044 0.739010 0.196400 0.566080
149.374196 163.134210 79.367129 0.739010 0.196400 0.566080
149.223435 163.705981 79.269366 0.739010 0.196400 0.566080
149.077013 164.278690 79.133685 0.739010 0.196400 0.566080
148.929649 164.852219 78.976498 0.739010 0.196400 0.566080
148.773711 165.428493 78.811395 0.739010 0.196400 0.566080
148.602543 166.007554 78.648518 0.739010 0.196400 0.566080
148.413962 166.587742 78.491900 0.739010 0.196400 0.566080
148.211539 167.167502 78.339264 0.739010 0.196400 0.566080
148.002162 167.747067 78.186276 0.739010 0.196400 0.566080
147.792870 168.327938 78.029165 0.739010 0.196400 0.566080
147.587909 168.911171 77.865354 0.739010 0.196400 0.566080
147.388655 169.496632 77.693571 0.739010 0.196400 0.566080
147.194466 170.083211 77.513928 0.739010 0.196400 0.566080
147.003908 170.669636 77.327383 0.739010 0.196400 0.566080
146.815542 171.255024 77.134207 0.739010 0.196400 0.566080
146.628962 171.838757 76.934162 0.739010 0.196400 0.566080
146.444148 172.420270 76.728555 0.739010 0.196400 0.566080
146.261608 172.999769 76.519871 0.739010 0.196400 0.566080
146.073356 173.575900 76.316649 0.739010 0.196400 0.566080
145.860680 174.144116 76.133321 0.739010 0.196400 0.566080
145.624560 174.703043 75.958154 0.739010 0.196400 0.566080
145.352215 175.243764 75.783952 0.739010 0.196400 0.566080
145.045980 175.765100 75.604174 0.739010 0.196400 0.566080
144.713453 176.267333 75.414296 0.739010 0.196400 0.566080
144.357586 176.750606 75.218701 0.739010 0.196400 0.566080
143.984265 177.220419 75.025730 0.739010 0.196400 0.566080
143.597545 177.681694 74.840501 0.739010 0.196400 0.566080
143.203283 178.138676 74.661112 0.739010 0.196400 0.566080
142.808536 178.594959 74.481705 0.739010 0.196400 0.566080
142.419448 179.053269 74.298652 0.739010 0.196400 0.566080
142.038844 179.514706 74.115587 0.739010 0.196400 0.566080
141.667078 179.979157 73.937653 0.739010 0.196400 0.566080
141.303579 180.446504 73.765891 0.739010 0.196400 0.566080
140.948336 180.917719 73.593992 0.739010 0.196400 0.566080
140.602721 181.394642 73.408642 0.739010 0.196400 0.566080
140.269003 181.880541 73.206184 0.739010 0.196400 0.566080
139.947162 182.377098 72.990466 0.739010 0.196400 0.566080
139.632033 182.879039 72.764315 0.739010 0.196400 0.566080
139.317213 183.380486 72.525668 0.739010 0.196400 0.566080
138.994774 183.876784 72.272736 0.739010 0.196400 0.566080
138.655309 184.357838 72.015770 0.739010 0.196400 0.566080
138.305320 184.824800 71.755063 0.739010 0.196400 0.566080
137.947514 185.272520 71.485509 0.739010 0.196400 0.566080
137.574326 185.686159 71.204591 0.739010 0.196400 0.566080
