6.15387e-06 1.0769e-06 -8.47084e-06 0 0 0
1.16815 1.55768 1.44406 -0.117615 0.00700911 0.402119
1.29311 3.21056 4.95325 -0.258913 -0.836527 0.802981
0.00926704 4.99392 11.2164 -0.432363 -2.82979 1.2026
0.0276785 6.64573 14.3927 -0.574041 -3.75707 1.60089
0.0536704 8.29117 17.1198 -0.714507 -4.67644 1.9979
0.0871944 9.93025 19.533 -0.853769 -5.58792 2.39363
0.128203 11.5013 21.7112 -0.991833 -6.49156 2.78809
0.176647 12.9401 23.7052 -1.1287 -7.3874 3.18128
0.232481 14.2738 25.55 -1.26439 -8.26581 3.57321
0.295656 15.5201 27.2706 -1.39889 -9.04861 3.96387
0.366126 16.6925 28.886 -1.53222 -9.73364 4.35327
0.443844 17.8011 30.4107 -1.66439 -10.3355 4.74143
0.528764 18.8541 31.8561 -1.79539 -10.8655 5.12833
0.620838 19.8581 33.2316 -1.92523 -11.3329 5.51399
0.720021 20.8184 34.5446 -2.05393 -11.7451 5.89841
0.826267 21.7396 35.8016 -2.18148 -12.1081 6.28159
0.93953 22.6253 37.0078 -2.30789 -12.4273 6.66354
1.05977 23.4787 38.1677 -2.43317 -12.7068 7.04426
1.18693 24.3026 39.2853 -2.55733 -12.9505 7.42376
1.32097 25.0994 40.364 -2.68037 -13.1616 7.80203
1.46209 25.8738 41.4104 -2.79713 -13.3457 8.17911
1.61195 26.6451 42.4512 -2.87194 -13.5246 8.55493
1.77113 27.4167 43.4913 -2.90972 -13.7019 8.92954
1.93995 28.1885 44.5304 -2.94503 -13.8776 9.30294
2.11871 28.9605 45.5686 -2.97997 -14.0519 9.67514
2.30771 29.7326 46.6058 -3.01453 -14.2246 10.0461
2.50726 30.5047 47.6419 -3.04873 -14.3959 10.416
2.71769 31.2768 48.6767 -3.08256 -14.5656 10.7846
2.93929 32.0489 49.7104 -3.11603 -14.7338 11.152
3.17239 32.8209 50.7428 -3.14913 -14.9005 11.5183
3.41729 33.5928 51.7738 -3.18186 -15.0657 11.8833
3.67431 34.3646 52.8034 -3.21425 -15.2295 12.2472
3.94377 35.1361 53.8315 -3.24627 -15.3917 12.61
4.22597 35.9074 54.8582 -3.27794 -15.5525 12.9715
4.52124 36.6784 55.8832 -3.30925 -15.7119 13.3319
4.82989 37.4491 56.9066 -3.34021 -15.8698 13.6912
5.15223 38.2195 57.9283 -3.37083 -16.0262 14.0493
5.48859 38.9894 58.9483 -3.40109 -16.1812 14.4062
5.83927 39.759 59.9666 -3.43101 -16.3347 14.762
6.20459 40.528 60.983 -3.46059 -16.4868 15.1166
6.58488 41.2966 61.9976 -3.48982 -16.6375 15.4701
6.98043 42.0647 63.0102 -3.51871 -16.7867 15.8225
7.39158 42.8322 64.021 -3.54726 -16.9346 16.1737
7.81863 43.5991 65.0297 -3.57549 -17.081 16.5238
8.26189 44.3654 66.0364 -3.60337 -17.226 16.8728
8.72169 45.1311 67.0411 -3.63092 -17.3696 17.2206
9.19832 45.8962 68.0436 -3.65815 -17.5118 17.5673
9.69211 46.6605 69.044 -3.68504 -17.6527 17.913
10.2034 47.4241 70.0423 -3.7116 -17.7922 18.2575
10.7206 48.187 71.0384 -3.73784 -17.9302 18.6009
11.2386 48.9491 72.0322 -3.76376 -18.067 18.9431
11.7589 49.7104 73.0238 -3.78935 -18.2023 19.2843
12.2813 50.4709 74.013 -3.81463 -18.3363 19.6244
12.8059 51.2306 75 -3.83959 -18.4689 19.9634
13.3327 51.9894 75.9846 -3.86423 -18.6002 20.3013
13.8615 52.7473 76.9668 -3.88856 -18.7302 20.6381
14.3925 53.5043 77.9466 -3.91257 -18.8588 20.9739
14.9255 54.2605 78.924 -3.93628 -18.9861 21.3085
15.4605 55.0156 79.8989 -3.95967 -19.112 21.6421
15.9976 55.7698 80.8713 -3.98276 -19.2367 21.9746
16.5366 56.5231 81.8412 -4.00554 -19.36 22.306
17.0775 57.2753 82.8086 -4.02802 -19.482 22.6364
17.6204 58.0265 83.7735 -4.05019 -19.6027 22.9657
18.1651 58.7767 84.7358 -4.07207 -19.7222 23.294
18.7117 59.5259 85.6954 -4.09365 -19.8403 23.6212
19.2602 60.2739 86.6525 -4.11492 -19.9571 23.9473
19.8104 61.0209 87.6069 -4.13591 -20.0727 24.2724
20.3624 61.7668 88.5587 -4.1566 -20.187 24.5964
20.9161 62.5116 89.5078 -4.177 -20.3 24.9194
21.4716 63.2552 90.4542 -4.19711 -20.4117 25.2414
22.0287 63.9978 91.3978 -4.21693 -20.5222 25.5623
22.5876 64.7391 92.3388 -4.23646 -20.6315 25.8822
23.148 65.4793 93.277 -4.25571 -20.7394 26.2011
23.7101 66.2183 94.2125 -4.27467 -20.8462 26.5189
24.2737 66.9561 95.1452 -4.29335 -20.9517 26.8357
24.8389 67.6927 96.0751 -4.31175 -21.056 27.1515
25.4056 68.4281 97.0022 -4.32988 -21.159 27.4663
25.9738 69.1622 97.9265 -4.34772 -21.2608 27.7801
26.5436 69.8951 98.8479 -4.36529 -21.3614 28.0928
27.1147 70.6268 99.7665 -4.38258 -21.4608 28.4046
27.6873 71.3571 100.682 -4.3996 -21.559 28.7153
28.2613 72.0862 101.595 -4.41635 -21.656 29.0251
28.8366 72.8141 102.505 -4.43284 -21.7517 29.3338
29.4133 73.5406 103.412 -4.44905 -21.8463 29.6416
29.9914 74.2658 104.316 -4.465 -21.9397 29.9484
30.5707 74.9896 105.218 -4.48068 -22.032 30.2541
31.1514 75.7122 106.116 -4.49611 -22.123 30.5589
31.7332 76.4334 107.011 -4.51126 -22.2129 30.8628
32.3164 77.1532 107.904 -4.52616 -22.3016 31.1656
32.9007 77.8718 108.793 -4.5408 -22.3891 31.4675
33.4862 78.5889 109.68 -4.55518 -22.4755 31.7684
34.0729 79.3047 110.564 -4.5693 -22.5607 32.0683
34.6607 80.019 111.444 -4.58317 -22.6448 32.3673
35.2496 80.732 112.322 -4.5968 -22.7277 32.6653
35.8396 81.4436 113.196 -4.61016 -22.8095 32.9623
36.4308 82.1538 114.068 -4.62328 -22.8902 33.2584
37.0229 82.8626 114.937 -4.63615 -22.9697 33.5535
37.6161 83.57 115.802 -4.64877 -23.0481 33.8477
38.2103 84.2759 116.665 -4.66114 -23.1254 34.1409
38.8055 84.9804 117.525 -4.67328 -23.2016 34.4332
39.4017 85.6835 118.381 -4.68518 -23.2767 34.7246
39.9988 86.3851 119.235 -4.69682 -23.3506 35.015
40.5968 87.0853 120.085 -4.70824 -23.4235 35.3045
41.1958 87.784 120.932 -4.7194 -23.4953 35.593
41.7956 88.4813 121.777 -4.73034 -23.566 35.8807
42.3963 89.1771 122.618 -4.74104 -23.6356 36.1674
42.9979 89.8714 123.456 -4.7515 -23.7041 36.4531
43.6003 90.5642 124.291 -4.76174 -23.7715 36.738
44.2035 91.2556 125.124 -4.77175 -23.8379 37.0219
44.8074 91.9455 125.953 -4.78151 -23.9032 37.305
45.4122 92.6338 126.779 -4.79106 -23.9674 37.5871
46.0177 93.3207 127.601 -4.80037 -24.0306 37.8683
46.624 94.0061 128.421 -4.80946 -24.0927 38.1486
47.2309 94.6899 129.238 -4.81832 -24.1537 38.428
47.8386 95.3723 130.052 -4.82697 -24.2138 38.7065
48.4469 96.0531 130.862 -4.83539 -24.2727 38.9841
49.056 96.7325 131.669 -4.84358 -24.3307 39.2608
49.6656 97.4103 132.474 -4.85156 -24.3876 39.5366
50.2759 98.0865 133.275 -4.85933 -24.4435 39.8116
50.8868 98.7613 134.073 -4.86687 -24.4984 40.0856
51.4983 99.4345 134.868 -4.8742 -24.5522 40.3588
52.1104 100.106 135.66 -4.88132 -24.605 40.6311
52.723 100.776 136.449 -4.88822 -24.6568 40.9025
53.3362 101.445 137.235 -4.89491 -24.7077 41.173
53.9499 102.112 138.018 -4.90139 -24.7575 41.4427
54.5641 102.777 138.797 -4.90767 -24.8063 41.7115
55.1788 103.441 139.574 -4.91373 -24.8541 41.9794
55.794 104.104 140.347 -4.91959 -24.9009 42.2465
56.4097 104.765 141.117 -4.92525 -24.9468 42.5127
57.0258 105.424 141.884 -4.93069 -24.9917 42.7781
57.6424 106.082 142.648 -4.93595 -25.0355 43.0426
58.2593 106.738 143.409 -4.941 -25.0785 43.3063
58.8767 107.392 144.167 -4.94584 -25.1204 43.5691
59.4945 108.045 144.922 -4.95048 -25.1614 43.831
60.1126 108.697 145.674 -4.95494 -25.2014 44.0922
60.7311 109.347 146.422 -4.95919 -25.2405 44.3524
61.35 109.995 147.168 -4.96324 -25.2786 44.6119
61.9692 110.642 147.91 -4.96711 -25.3158 44.8705
62.5887 111.287 148.649 -4.97078 -25.352 45.1283
63.2085 111.931 149.386 -4.97426 -25.3873 45.3852
63.8286 112.573 150.119 -4.97754 -25.4217 45.6413
64.449 113.213 150.849 -4.98064 -25.4551 45.8966
65.0696 113.852 151.576 -4.98356 -25.4876 46.1511
65.6905 114.489 152.3 -4.98627 -25.5192 46.4048
66.3116 115.125 153.02 -4.98881 -25.5498 46.6576
66.933 115.759 153.738 -4.99116 -25.5796 46.9096
67.5545 116.392 154.453 -4.99333 -25.6084 47.1608
68.1763 117.023 155.164 -4.99532 -25.6363 47.4112
68.7982 117.652 155.873 -4.99712 -25.6634 47.6608
69.4203 118.28 156.578 -4.99875 -25.6895 47.9097
70.0426 118.906 157.28 -5.00019 -25.7147 48.1577
70.6651 119.531 157.98 -5.00146 -25.739 48.4049
71.2876 120.154 158.676 -5.00255 -25.7625 48.6513
71.9103 120.775 159.369 -5.00347 -25.7851 48.8969
72.5331 121.395 160.059 -5.00421 -25.8067 49.1417
73.156 122.013 160.746 -5.00477 -25.8276 49.3857
73.779 122.63 161.43 -5.00517 -25.8475 49.629
74.4021 123.245 162.111 -5.00538 -25.8666 49.8714
75.0252 123.859 162.789 -5.00544 -25.8848 50.1131
75.6484 124.471 163.464 -5.00533 -25.9021 50.354
76.2716 125.081 164.135 -5.00504 -25.9186 50.5942
76.8949 125.69 164.804 -5.00458 -25.9342 50.8335
77.5181 126.297 165.47 -5.00398 -25.949 51.0721
78.1414 126.902 166.133 -5.00318 -25.9629 51.31
78.7647 127.506 166.793 -5.00224 -25.976 51.547
79.388 128.109 167.449 -5.00113 -25.9882 51.7833
80.0113 128.71 168.103 -4.99986 -25.9997 52.0188
80.6345 129.309 168.754 -4.99842 -26.0102 52.2536
81.2577 129.907 169.401 -4.99683 -26.02 52.4877
81.8808 130.503 170.046 -4.99508 -26.0289 52.7209
82.5039 131.097 170.688 -4.99317 -26.037 52.9534
83.1269 131.69 171.326 -4.9911 -26.0443 53.1852
83.7498 132.281 171.962 -4.98888 -26.0508 53.4162
84.3726 132.871 172.595 -4.9865 -26.0565 53.6465
84.9953 133.459 173.225 -4.98397 -26.0613 53.8761
85.6179 134.046 173.851 -4.98128 -26.0654 54.1049
86.2404 134.631 174.475 -4.97845 -26.0686 54.3329
86.8628 135.215 175.096 -4.97547 -26.0711 54.5603
87.485 135.796 175.714 -4.97233 -26.0728 54.7869
88.1071 136.377 176.329 -4.96905 -26.0737 55.0128
88.729 136.956 176.941 -4.96561 -26.0737 55.2379
89.3507 137.533 177.55 -4.96203 -26.0731 55.4623
89.9723 138.108 178.156 -4.95832 -26.0716 55.686
90.5937 138.682 178.759 -4.95444 -26.0693 55.909
91.2149 139.255 179.359 -4.95042 -26.0663 56.1313
91.8359 139.826 179.957 -4.94626 -26.0625 56.3528
92.4567 140.395 180.551 -4.94196 -26.058 56.5736
93.0772 140.963 181.143 -4.93753 -26.0527 56.7938
93.6976 141.529 181.731 -4.93295 -26.0466 57.0132
94.3177 142.094 182.317 -4.92823 -26.0398 57.2319
94.9375 142.657 182.9 -4.92336 -26.0322 57.4499
95.5571 143.218 183.48 -4.91836 -26.0239 57.6672
96.1765 143.778 184.057 -4.91323 -26.0148 57.8838
96.7956 144.337 184.631 -4.90796 -26.005 58.0997
97.4144 144.894 185.202 -4.90256 -25.9944 58.315
98.0329 145.449 185.771 -4.89702 -25.9831 58.5295
98.6511 146.003 186.336 -4.89135 -25.9711 58.7433
99.269 146.555 186.899 -4.88554 -25.9583 58.9564
99.8867 147.106 187.459 -4.87961 -25.9448 59.1689
100.504 147.655 188.016 -4.87354 -25.9306 59.3807
101.121 148.203 188.57 -4.86735 -25.9157 59.5918
101.738 148.749 189.121 -4.86102 -25.9001 59.8022
102.354 149.293 189.669 -4.85457 -25.8837 60.0119
102.97 149.836 190.215 -4.848 -25.8666 60.221
103.586 150.378 190.758 -4.8413 -25.8489 60.4294
104.201 150.918 191.298 -4.83446 -25.8304 60.6371
104.816 151.456 191.835 -4.8275 -25.8112 60.8442
105.43 151.993 192.37 -4.82043 -25.7913 61.0505
106.045 152.528 192.901 -4.81323 -25.7708 61.2563
106.658 153.062 193.43 -4.8059 -25.7495 61.4613
107.272 153.595 193.956 -4.79846 -25.7276 61.6657
107.885 154.125 194.479 -4.7909 -25.7049 61.8695
108.497 154.655 195 -4.78321 -25.6816 62.0726
109.109 155.183 195.518 -4.77542 -25.6576 62.275
109.721 155.709 196.032 -4.76749 -25.6329 62.4768
110.333 156.234 196.545 -4.75946 -25.6076 62.6779
110.944 156.757 197.054 -4.75131 -25.5815 62.8784
111.554 157.279 197.561 -4.74304 -25.5549 63.0782
112.164 157.799 198.065 -4.73465 -25.5275 63.2774
112.774 158.318 198.566 -4.72616 -25.4995 63.476
113.383 158.835 199.065 -4.71756 -25.4708 63.6739
113.992 159.351 199.561 -4.70883 -25.4415 63.8712
114.6 159.865 200.054 -4.7 -25.4115 64.0679
115.208 160.378 200.544 -4.69105 -25.3809 64.2639
115.815 160.889 201.032 -4.68201 -25.3496 64.4593
116.422 161.399 201.517 -4.67284 -25.3177 64.654
117.028 161.907 201.999 -4.66357 -25.2851 64.8481
117.634 162.414 202.479 -4.6542 -25.2519 65.0416
118.239 162.919 202.956 -4.64471 -25.218 65.2345
118.844 163.423 203.43 -4.63512 -25.1836 65.4268
119.448 163.926 203.902 -4.62542 -25.1485 65.6184
120.052 164.427 204.371 -4.61563 -25.1127 65.8095
120.655 164.926 204.838 -4.60572 -25.0764 65.9999
121.258 165.424 205.301 -4.59571 -25.0394 66.1897
121.86 165.921 205.763 -4.5856 -25.0018 66.3789
122.462 166.416 206.221 -4.57539 -24.9636 66.5674
123.063 166.909 206.677 -4.56509 -24.9248 66.7554
123.664 167.402 207.13 -4.55468 -24.8853 66.9428
124.264 167.892 207.581 -4.54415 -24.8453 67.1296
124.864 168.382 208.029 -4.53355 -24.8046 67.3157
125.463 168.869 208.474 -4.52284 -24.7634 67.5013
126.061 169.356 208.917 -4.51204 -24.7215 67.6863
126.659 169.841 209.358 -4.50113 -24.6791 67.8706
127.256 170.324 209.795 -4.49015 -24.636 68.0544
127.853 170.806 210.231 -4.47904 -24.5924 68.2376
128.449 171.287 210.663 -4.46786 -24.5481 68.4202
129.045 171.766 211.093 -4.45657 -24.5033 68.6022
129.639 172.244 211.521 -4.4452 -24.4579 68.7836
130.234 172.72 211.946 -4.43373 -24.412 68.9645
130.828 173.195 212.368 -4.42218 -24.3654 69.1447
131.421 173.669 212.788 -4.41052 -24.3183 69.3244
132.013 174.141 213.206 -4.3988 -24.2705 69.5035
132.605 174.612 213.62 -4.38696 -24.2223 69.6821
133.197 175.081 214.033 -4.37504 -24.1734 69.86
133.787 175.549 214.443 -4.36303 -24.124 70.0374
134.377 176.015 214.85 -4.35094 -24.074 70.2142
134.967 176.48 215.255 -4.33876 -24.0235 70.3905
135.556 176.944 215.657 -4.32649 -23.9724 70.5661
136.144 177.406 216.057 -4.31414 -23.9207 70.7412
136.732 177.867 216.455 -4.3017 -23.8685 70.9158
137.319 178.327 216.85 -4.28917 -23.8158 71.0898
137.905 178.785 217.242 -4.27657 -23.7625 71.2632
138.491 179.242 217.632 -4.26388 -23.7086 71.4361
139.076 179.697 218.02 -4.2511 -23.6542 71.6084
139.66 180.151 218.405 -4.23825 -23.5993 71.7801
140.244 180.603 218.788 -4.22532 -23.5438 71.9513
140.827 181.055 219.169 -4.21231 -23.4878 72.122
141.409 181.504 219.546 -4.19921 -23.4312 72.2921
141.991 181.953 219.922 -4.18603 -23.3742 72.4616
142.572 182.4 220.295 -4.17278 -23.3166 72.6307
143.152 182.846 220.666 -4.15944 -23.2584 72.7991
143.732 183.29 221.034 -4.14603 -23.1998 72.967
144.311 183.733 221.4 -4.13255 -23.1406 73.1344
144.889 184.175 221.764 -4.11898 -23.0809 73.3013
145.467 184.615 222.125 -4.10535 -23.0207 73.4676
146.044 185.054 222.484 -4.09162 -22.96 73.6334
146.62 185.492 222.841 -4.07783 -22.8987 73.7986
147.195 185.928 223.195 -4.06398 -22.837 73.9633
147.77 186.363 223.547 -4.05004 -22.7747 74.1275
148.344 186.797 223.896 -4.03603 -22.712 74.2912
148.918 187.229 224.243 -4.02195 -22.6487 74.4543
149.491 187.66 224.588 -4.0078 -22.5849 74.6169
150.063 188.09 224.931 -3.99358 -22.5206 74.779
150.634 188.518 225.271 -3.97928 -22.4559 74.9405
151.205 188.945 225.609 -3.96491 -22.3906 75.1015
151.774 189.371 225.945 -3.95048 -22.3249 75.2621
152.344 189.795 226.278 -3.93598 -22.2586 75.4221
152.912 190.218 226.609 -3.9214 -22.1919 75.5816
153.48 190.64 226.938 -3.90676 -22.1247 75.7405
154.047 191.06 227.264 -3.89207 -22.057 75.899
154.613 191.479 227.588 -3.87729 -21.9888 76.0569
155.179 191.897 227.91 -3.86245 -21.9202 76.2144
155.743 192.314 228.23 -3.84753 -21.8511 76.3713
156.307 192.729 228.548 -3.83257 -21.7815 76.5278
156.871 193.143 228.863 -3.81754 -21.7114 76.6837
157.433 193.556 229.176 -3.80244 -21.6409 76.8391
157.995 193.967 229.487 -3.78728 -21.5698 76.9941
158.556 194.377 229.795 -3.77206 -21.4984 77.1485
159.117 194.786 230.102 -3.75678 -21.4264 77.3024
159.676 195.193 230.406 -3.74142 -21.354 77.4559
160.235 195.6 230.708 -3.72601 -21.2812 77.6088
160.793 196.005 231.008 -3.71054 -21.2078 77.7612
161.35 196.409 231.305 -3.69502 -21.1341 77.9132
161.907 196.811 231.601 -3.67942 -21.0598 78.0647
162.463 197.212 231.894 -3.66377 -20.9852 78.2157
163.018 197.612 232.185 -3.64806 -20.91 78.3662
163.572 198.011 232.474 -3.63231 -20.8345 78.5162
164.126 198.409 232.761 -3.61648 -20.7585 78.6657
164.678 198.805 233.046 -3.60059 -20.682 78.8148
165.23 199.2 233.328 -3.58465 -20.6051 78.9633
165.781 199.593 233.608 -3.56867 -20.5278 79.1114
166.332 199.986 233.887 -3.55262 -20.45 79.2591
166.881 200.377 234.163 -3.53651 -20.3718 79.4062
167.43 200.767 234.437 -3.52035 -20.2932 79.5529
167.978 201.156 234.709 -3.50413 -20.2141 79.6991
168.526 201.544 234.978 -3.48787 -20.1346 79.8448
169.072 201.93 235.246 -3.47155 -20.0546 79.9901
169.618 202.315 235.512 -3.45517 -19.9743 80.1348
170.163 202.699 235.775 -3.43875 -19.8935 80.2792
170.707 203.082 236.037 -3.42226 -19.8123 80.423
171.25 203.463 236.296 -3.40574 -19.7307 80.5664
171.793 203.844 236.554 -3.38916 -19.6487 80.7094
172.335 204.223 236.809 -3.37252 -19.5663 80.8518
172.876 204.601 237.062 -3.35585 -19.4834 80.9939
173.416 204.977 237.313 -3.33912 -19.4001 81.1354
173.955 205.353 237.562 -3.32234 -19.3165 81.2765
174.494 205.727 237.809 -3.3055 -19.2324 81.4172
175.032 206.1 238.054 -3.28864 -19.1479 81.5574
175.569 206.472 238.298 -3.27171 -19.063 81.6971
176.105 206.843 238.539 -3.25474 -18.9777 81.8364
176.64 207.213 238.778 -3.23771 -18.892 81.9753
177.175 207.581 239.015 -3.22065 -18.8059 82.1137
177.709 207.948 239.25 -3.20355 -18.7194 82.2516
178.242 208.314 239.483 -3.18639 -18.6326 82.3892
178.774 208.679 239.714 -3.16918 -18.5453 82.5262
179.305 209.043 239.943 -3.15194 -18.4576 82.6629
179.836 209.406 240.17 -3.13464 -18.3696 82.7991
180.365 209.767 240.395 -3.11732 -18.2811 82.9348
180.894 210.127 240.618 -3.09993 -18.1923 83.0701
181.422 210.486 240.84 -3.08252 -18.1031 83.205
181.95 210.844 241.059 -3.06505 -18.0135 83.3395
182.476 211.201 241.276 -3.04754 -17.9236 83.4735
183.002 211.557 241.492 -3.03 -17.8332 83.6071
183.527 211.911 241.705 -3.01241 -17.7425 83.7402
184.051 212.265 241.917 -2.99479 -17.6514 83.8729
184.574 212.617 242.127 -2.97711 -17.5599 84.0052
185.096 212.968 242.334 -2.9594 -17.4681 84.1371
185.618 213.318 242.54 -2.94165 -17.3759 84.2686
186.139 213.667 242.744 -2.92386 -17.2833 84.3996
186.658 214.015 242.946 -2.90603 -17.1904 84.5302
187.178 214.361 243.147 -2.88817 -17.0971 84.6604
187.696 214.707 243.345 -2.87027 -17.0034 84.7902
188.213 215.051 243.541 -2.85233 -16.9094 84.9195
188.73 215.395 243.736 -2.83435 -16.815 85.0484
189.246 215.737 243.929 -2.81633 -16.7203 85.177
189.761 216.078 244.119 -2.79827 -16.6252 85.3051
190.275 216.418 244.308 -2.78019 -16.5297 85.4327
190.788 216.757 244.496 -2.76207 -16.4339 85.56
191.3 217.095 244.681 -2.74391 -16.3378 85.6869
191.812 217.431 244.864 -2.72571 -16.2413 85.8134
192.323 217.767 245.046 -2.70748 -16.1444 85.9394
192.833 218.101 245.226 -2.68922 -16.0472 86.0651
193.342 218.435 245.404 -2.67092 -15.9497 86.1903
193.85 218.767 245.58 -2.65259 -15.8518 86.3152
194.358 219.098 245.755 -2.63422 -15.7536 86.4396
194.864 219.429 245.927 -2.61583 -15.655 86.5636
195.37 219.758 246.098 -2.5974 -15.5561 86.6873
195.875 220.086 246.267 -2.57894 -15.4569 86.8105
196.379 220.413 246.435 -2.56045 -15.3573 86.9334
196.883 220.739 246.6 -2.54192 -15.2574 87.0558
197.385 221.064 246.764 -2.52337 -15.1572 87.1779
197.887 221.388 246.926 -2.50478 -15.0566 87.2996
198.388 221.71 247.086 -2.48618 -14.9557 87.4208
198.888 222.032 247.245 -2.46753 -14.8545 87.5417
199.387 222.353 247.401 -2.44884 -14.753 87.6622
199.885 222.672 247.556 -2.43014 -14.6511 87.7823
200.382 222.991 247.71 -2.41141 -14.5489 87.9021
200.879 223.308 247.861 -2.39265 -14.4464 88.0214
201.375 223.625 248.011 -2.37386 -14.3436 88.1403
201.87 223.94 248.159 -2.35503 -14.2405 88.2589
202.364 224.255 248.306 -2.33619 -14.137 88.3771
202.857 224.568 248.45 -2.31732 -14.0332 88.4949
203.349 224.881 248.593 -2.29842 -13.9292 88.6123
203.841 225.192 248.735 -2.2795 -13.8248 88.7294
204.332 225.502 248.874 -2.26054 -13.7201 88.8461
204.822 225.812 249.012 -2.24155 -13.6151 88.9624
205.311 226.12 249.148 -2.22255 -13.5097 89.0783
205.799 226.427 249.283 -2.20353 -13.4041 89.1939
206.286 226.734 249.416 -2.18447 -13.2982 89.309
206.773 227.039 249.547 -2.1654 -13.1919 89.4238
207.258 227.343 249.677 -2.14629 -13.0854 89.5383
207.743 227.646 249.805 -2.12717 -12.9786 89.6524
208.227 227.949 249.931 -2.10801 -12.8715 89.7661
208.71 228.25 250.056 -2.08885 -12.764 89.8794
209.193 228.55 250.179 -2.06965 -12.6563 89.9924
209.674 228.85 250.3 -2.05044 -12.5483 90.105
210.155 229.148 250.42 -2.03119 -12.44 90.2172
210.634 229.445 250.538 -2.01192 -12.3314 90.3291
211.113 229.742 250.655 -1.99264 -12.2225 90.4407
211.592 230.037 250.77 -1.97333 -12.1133 90.5518
212.069 230.332 250.883 -1.95401 -12.0039 90.6626
212.545 230.625 250.995 -1.93466 -11.8941 90.7731
213.021 230.918 251.105 -1.91528 -11.7841 90.8832
213.495 231.209 251.213 -1.8959 -11.6738 90.9929
213.969 231.5 251.32 -1.87649 -11.5632 91.1023
214.442 231.789 251.426 -1.85706 -11.4523 91.2114
214.915 232.078 251.53 -1.83762 -11.3412 91.3201
215.386 232.366 251.632 -1.81815 -11.2297 91.4284
215.856 232.652 251.733 -1.79866 -11.118 91.5364
216.326 232.938 251.832 -1.77915 -11.0061 91.6441
216.795 233.223 251.93 -1.75963 -10.8938 91.7514
217.263 233.507 252.026 -1.74008 -10.7813 91.8583
217.73 233.79 252.12 -1.72054 -10.6685 91.9649
218.196 234.072 252.213 -1.70095 -10.5554 92.0712
218.662 234.353 252.305 -1.68136 -10.4421 92.1771
219.127 234.633 252.395 -1.66175 -10.3285 92.2827
219.59 234.912 252.483 -1.64212 -10.2146 92.3879
220.053 235.191 252.57 -1.62248 -10.1005 92.4928
220.515 235.468 252.655 -1.60282 -9.98609 92.5974
220.977 235.744 252.739 -1.58315 -9.87143 92.7016
221.437 236.02 252.822 -1.56346 -9.75651 92.8055
221.897 236.295 252.903 -1.54376 -9.64134 92.9091
222.356 236.568 252.982 -1.52404 -9.5259 93.0123
222.813 236.841 253.06 -1.50429 -9.41022 93.1152
223.271 237.113 253.137 -1.48456 -9.29427 93.2178
223.727 237.384 253.212 -1.46479 -9.17807 93.32
224.182 237.654 253.285 -1.44501 -9.06163 93.4219
224.637 237.923 253.357 -1.42522 -8.94492 93.5235
225.09 238.191 253.428 -1.40541 -8.82797 93.6248
225.543 238.459 253.497 -1.38559 -8.71077 93.7257
225.995 238.725 253.565 -1.36577 -8.59332 93.8263
226.447 238.991 253.631 -1.34592 -8.47562 93.9266
226.897 239.256 253.696 -1.32607 -8.35768 94.0265
227.347 239.519 253.759 -1.3062 -8.23951 94.1262
227.795 239.782 253.821 -1.28632 -8.12107 94.2255
228.243 240.044 253.882 -1.26644 -8.00239 94.3245
228.69 240.306 253.941 -1.24653 -7.88348 94.4231
229.137 240.566 253.999 -1.22661 -7.76433 94.5215
229.582 240.825 254.055 -1.2067 -7.64494 94.6195
230.026 241.084 254.11 -1.18676 -7.52531 94.7173
230.47 241.342 254.164 -1.1668 -7.40546 94.8147
230.913 241.598 254.216 -1.14686 -7.28535 94.9118
231.355 241.854 254.267 -1.1269 -7.16501 95.0086
231.796 242.11 254.316 -1.10691 -7.04446 95.105
232.237 242.364 254.364 -1.08693 -6.92366 95.2012
232.676 242.617 254.411 -1.06693 -6.80264 95.2971
233.115 242.87 254.456 -1.04694 -6.68138 95.3926
233.553 243.122 254.5 -1.02692 -6.5599 95.4878
233.99 243.372 254.542 -1.00689 -6.43819 95.5828
234.426 243.622 254.583 -0.986876 -6.31625 95.6774
234.862 243.872 254.623 -0.96683 -6.19408 95.7717
235.296 244.12 254.662 -0.94678 -6.07171 95.8657
235.73 244.367 254.699 -0.926734 -5.9491 95.9595
236.163 244.614 254.734 -0.906663 -5.82628 96.0529
236.595 244.86 254.769 -0.886596 -5.70323 96.146
237.027 245.105 254.802 -0.866521 -5.57996 96.2388
237.457 245.349 254.834 -0.846458 -5.45646 96.3313
237.887 245.593 254.864 -0.826351 -5.33278 96.4235
238.316 245.835 254.893 -0.806261 -5.20885 96.5155
238.744 246.077 254.921 -0.786174 -5.08471 96.6071
239.171 246.318 254.948 -0.766057 -4.96037 96.6984
239.597 246.558 254.973 -0.745942 -4.83582 96.7895
240.023 246.797 254.997 -0.725825 -4.71104 96.8802
240.739 247.012 254.448 -0.705079 -4.28897 96.9706
241.163 247.25 254.469 -0.684972 -4.16365 97.0608
241.585 247.486 254.489 -0.664856 -4.03814 97.1507
242.007 247.723 254.508 -0.644731 -3.91241 97.2403
242.428 247.958 254.525 -0.624615 -3.78645 97.3296
242.848 248.192 254.541 -0.604479 -3.66032 97.4186
243.268 248.426 254.555 -0.58435 -3.53395 97.5073
243.686 248.659 254.569 -0.564212 -3.40741 97.5957
244.104 248.891 254.581 -0.544072 -3.28064 97.6839
244.521 249.122 254.591 -0.523937 -3.15368 97.7717
244.937 249.353 254.601 -0.503804 -3.02651 97.8593
245.352 249.583 254.609 -0.483637 -2.89916 97.9466
245.767 249.812 254.616 -0.463486 -2.77159 98.0336
246.181 250.04 254.622 -0.443332 -2.64383 98.1204
246.593 250.267 254.627 -0.423174 -2.51587 98.2068
247.005 250.494 254.63 -0.403022 -2.38772 98.293
247.417 250.72 254.633 -0.382856 -2.25936 98.3789
247.827 250.945 254.633 -0.362701 -2.1308 98.4646
248.237 251.169 254.633 -0.342485 -2.00182 98.5499
248.646 251.393 254.631 -0.322312 -1.87289 98.635
249.054 251.616 254.629 -0.302149 -1.74379 98.7198
249.461 251.838 254.625 -0.281988 -1.61448 98.8044
249.868 252.059 254.62 -0.261812 -1.48501 98.8886
250.273 252.28 254.613 -0.241642 -1.35534 98.9726
250.678 252.5 254.606 -0.221468 -1.22547 99.0563
251.082 252.719 254.597 -0.201305 -1.09543 99.1398
251.485 252.937 254.588 -0.181123 -0.965199 99.223
251.888 253.155 254.576 -0.160922 -0.834506 99.3059
252.29 253.372 254.564 -0.14074 -0.703951 99.3885
252.69 253.588 254.551 -0.120579 -0.573191 99.4709
253.09 253.803 254.536 -0.100414 -0.442267 99.553
253.49 254.018 254.521 -0.0802446 -0.311145 99.6349
253.888 254.232 254.503 -0.0600452 -0.179619 99.7165
254.286 254.445 254.486 -0.0398957 -0.04821 99.7978
254.683 254.657 254.466 -0.0197054 0.0835737 99.8789
255.16 254.858 254.319 0.0104898 0.281123 99.9597
255.16 254.858 254.319 0.0104898 0.281123 99.9597
254.999 254.603 254.067 0.0419925 0.290828 99.8789
254.999 254.304 253.776 0.142284 0.321635 99.7978
255 254.003 253.485 0.24307 0.352608 99.7164
255 253.702 253.192 0.344236 0.383725 99.6348
255 253.399 252.898 0.445665 0.414961 99.553
254.999 253.096 252.603 0.5475 0.446335 99.4708
255 252.791 252.308 0.649889 0.477881 99.3884
255 252.486 252.011 0.752775 0.50963 99.3058
254.999 252.18 251.713 0.855717 0.541427 99.2228
255 251.872 251.414 0.959694 0.573552 99.1396
254.999 251.563 251.115 1.06357 0.605654 99.0562
254.999 251.253 250.814 1.16817 0.638022 98.9724
254.999 250.943 250.512 1.27311 0.670508 98.8884
255 250.631 250.21 1.37891 0.703313 98.8042
255 250.318 249.906 1.48476 0.736133 98.7196
254.999 250.004 249.601 1.59102 0.769126 98.6348
255 249.689 249.295 1.69788 0.802315 98.5497
255 249.373 248.988 1.80518 0.835676 98.4643
254.999 249.056 248.681 1.91285 0.869165 98.3787
255 248.737 248.372 2.02113 0.90289 98.2927
254.999 248.418 248.062 2.12953 0.936687 98.2065
255 248.097 247.751 2.2389 0.970782 98.1201
254.999 247.776 247.439 2.34823 1.00491 98.0333
254.999 247.453 247.126 2.45839 1.03933 97.9463
254.999 247.13 246.812 2.5689 1.07387 97.859
255 246.805 246.496 2.68022 1.10871 97.7714
255 246.479 246.18 2.79178 1.14364 97.6835
255 246.151 245.862 2.90379 1.17877 97.5953
255 245.823 245.544 3.01626 1.21405 97.5069
254.999 245.494 245.225 3.12912 1.2495 97.4181
255 245.163 244.904 3.24271 1.28518 97.3291
254.999 244.832 244.582 3.35665 1.32102 97.2398
255 244.499 244.259 3.47128 1.3571 97.1502
255 244.165 243.936 3.58622 1.39334 97.0603
254.999 243.83 243.611 3.70146 1.42967 96.9701
255 243.494 243.285 3.81771 1.46637 96.8797
254.999 243.156 242.958 3.93383 1.50306 96.7889
254.999 242.818 242.629 4.05099 1.5401 96.6978
254.999 242.478 242.3 4.16835 1.57724 96.6065
254.999 242.137 241.969 4.28631 1.61462 96.5149
254.999 241.795 241.638 4.40491 1.65224 96.4229
254.999 241.452 241.305 4.52413 1.69006 96.3307
255 241.107 240.971 4.64393 1.72815 96.2382
255 240.762 240.636 4.7639 1.76627 96.1453
254.999 240.415 240.3 4.88445 1.80464 96.0522
254.999 240.067 239.962 5.00557 1.84324 95.9588
254.999 239.718 239.624 5.12727 1.88206 95.865
254.999 239.367 239.284 5.24957 1.9211 95.771
254.999 239.015 238.943 5.37245 1.96036 95.6767
255 238.662 238.601 5.49592 1.99985 95.582
254.999 238.308 238.258 5.61939 2.03939 95.4871
254.999 237.953 237.914 5.744 2.07933 95.3918
255 237.596 237.568 5.86919 2.11948 95.2962
255 237.238 237.222 5.99496 2.15987 95.2004
255 236.879 236.874 6.12099 2.2004 95.1042
255 236.519 236.525 6.24759 2.24113 95.0077
254.999 236.157 236.175 6.37476 2.28209 94.9109
255 235.794 235.823 6.50279 2.32338 94.8138
255 235.43 235.47 6.63106 2.3648 94.7164
255 235.064 235.116 6.76022 2.40654 94.6186
255 234.697 234.761 6.88962 2.4484 94.5206
255 234.329 234.405 7.0199 2.49059 94.4222
254.999 233.96 234.047 7.15039 2.53291 94.3235
255 233.589 233.689 7.2818 2.57554 94.2245
255 233.217 233.328 7.41374 2.61843 94.1252
255 232.844 232.967 7.54625 2.66153 94.0255
255 232.47 232.605 7.67932 2.70486 93.9255
254.999 232.094 232.241 7.81292 2.74841 93.8252
255 231.716 231.876 7.94746 2.79233 93.7246
254.999 231.338 231.509 8.08216 2.83636 93.6237
254.999 230.958 231.142 8.21781 2.88073 93.5224
255 230.576 230.773 8.35401 2.92533 93.4208
254.999 230.194 230.403 8.49075 2.97018 93.3189
254.999 229.81 230.031 8.62804 3.01525 93.2166
255 229.424 229.658 8.7663 3.06069 93.114
255 229.038 229.284 8.9051 3.10637 93.0111
254.999 228.65 228.909 9.04405 3.15214 92.9079
255 228.26 228.532 9.18436 3.19843 92.8043
255 227.869 228.154 9.32483 3.24483 92.7004
254.999 227.477 227.775 9.46583 3.29145 92.5961
254.999 227.083 227.394 9.60781 3.33846 92.4916
254.999 226.688 227.012 9.75034 3.38572 92.3866
254.999 226.292 226.629 9.89343 3.43322 92.2814
254.999 225.893 226.244 10.0375 3.4811 92.1758
255 225.494 225.858 10.1822 3.52925 92.0698
255 225.093 225.471 10.3273 3.57762 91.9635
254.999 224.691 225.082 10.4731 3.62624 91.8569
255 224.287 224.692 10.6198 3.67528 91.75
255 223.882 224.301 10.7671 3.72456 91.6426
255 223.475 223.908 10.915 3.7741 91.535
254.999 223.067 223.514 11.0634 3.82388 91.427
255 222.657 223.118 11.2129 3.87408 91.3186
255 222.246 222.721 11.3629 3.92453 91.2099
254.999 221.834 222.322 11.5134 3.97524 91.1008
255 221.42 221.922 11.6651 4.02638 90.9914
255 221.004 221.521 11.8172 4.07777 90.8817
255 220.587 221.118 11.9699 4.12942 90.7715
254.999 220.168 220.714 12.1232 4.18134 90.6611
254.999 219.748 220.309 12.2775 4.23368 90.5502
255 219.326 219.902 12.433 4.28649 90.439
254.999 218.903 219.493 12.5884 4.33937 90.3275
254.999 218.478 219.083 12.7449 4.39269 90.2156
254.999 218.052 218.672 12.902 4.44629 90.1033
254.999 217.624 218.259 13.0602 4.50035 89.9907
254.999 217.194 217.844 13.219 4.55466 89.8777
255 216.763 217.428 13.3785 4.60936 89.7643
254.999 216.33 217.011 13.5387 4.66433 89.6506
255 215.896 216.592 13.6999 4.71976 89.5365
254.999 215.46 216.172 13.8614 4.77537 89.4221
255 215.022 215.75 14.0241 4.83147 89.3072
255 214.583 215.326 14.1876 4.88794 89.192
255 214.142 214.901 14.3516 4.9447 89.0765
255 213.7 214.475 14.5165 5.00184 88.9605
255 213.255 214.047 14.6823 5.05936 88.8442
254.999 212.81 213.617 14.8486 5.11719 88.7275
255 212.362 213.186 15.0161 5.17549 88.6104
255 211.913 212.753 15.1841 5.23409 88.493
255 211.462 212.319 15.353 5.29309 88.3751
255 211.009 211.883 15.5227 5.3525 88.2569
255 210.555 211.446 15.6933 5.41231 88.1383
255 210.099 211.006 15.8648 5.47252 88.0194
254.999 209.641 210.566 16.0368 5.53304 87.9
255 209.182 210.123 16.21 5.59408 87.7803
254.999 208.721 209.679 16.3838 5.65543 87.6601
255 208.258 209.234 16.5587 5.7173 87.5396
255 207.793 208.786 16.7343 5.77948 87.4187
254.999 207.326 208.338 16.9107 5.84208 87.2974
254.999 206.858 207.887 17.0879 5.90512 87.1757
255 206.388 207.435 17.2664 5.9687 87.0537
255 205.916 206.981 17.4455 6.03261 86.9312
255 205.442 206.525 17.6254 6.09694 86.8083
255 204.967 206.068 17.8062 6.16171 86.685
255 204.489 205.609 17.988 6.22694 86.5614
255 204.01 205.148 18.1706 6.29259 86.4373
254.999 203.529 204.686 18.3541 6.3587 86.3129
254.999 203.046 204.221 18.5384 6.42527 86.188
255 202.561 203.755 18.7241 6.49242 86.0627
255 202.074 203.288 18.9103 6.55989 85.937
255 201.585 202.818 19.0977 6.62796 85.811
255 201.095 202.347 19.2857 6.69637 85.6845
255 200.602 201.874 19.4749 6.76537 85.5576
254.999 200.108 201.399 19.6647 6.83471 85.4303
254.999 199.611 200.922 19.8558 6.90467 85.3026
254.999 199.113 200.444 20.0477 6.9751 85.1745
254.999 198.613 199.964 20.2406 7.04601 85.0459
255 198.11 199.481 20.4347 7.11754 84.917
254.999 197.606 198.998 20.6294 7.18944 84.7876
255 197.099 198.512 20.8253 7.26197 84.6578
255 196.591 198.024 21.0222 7.33497 84.5276
254.999 196.08 197.534 21.22 7.4085 84.397
255 195.568 197.043 21.4191 7.48265 84.2659
254.999 195.053 196.55 21.6187 7.55719 84.1344
254.999 194.536 196.054 21.8195 7.63236 84.0025
255 194.017 195.557 22.0217 7.70821 83.8702
254.999 193.497 195.058 22.2245 7.78442 83.7375
254.999 192.974 194.557 22.4285 7.8613 83.6043
254.999 192.448 194.054 22.6334 7.9387 83.4707
255 191.921 193.549 22.8396 8.0168 83.3367
255 191.391 193.042 23.0468 8.09543 83.2022
254.999 190.86 192.533 23.2548 8.17458 83.0673
255 190.326 192.021 23.4642 8.25445 82.9319
255 189.79 191.508 23.6745 8.33485 82.7962
255 189.251 190.993 23.8861 8.41596 82.6599
255 188.71 190.476 24.0986 8.49763 82.5233
254.999 188.168 189.957 24.312 8.57984 82.3862
254.999 187.623 189.436 24.5268 8.6628 82.2487
255 187.075 188.912 24.7429 8.74646 82.1107
255 186.525 188.386 24.9598 8.83071 81.9722
254.999 185.973 187.859 25.1777 8.91553 81.8334
254.999 185.419 187.329 25.3969 9.00109 81.694
255 184.862 186.797 25.6174 9.08741 81.5543
254.999 184.302 186.263 25.8389 9.17432 81.414
255 183.741 185.727 26.0616 9.26198 81.2734
255 183.176 185.188 26.2857 9.35042 81.1322
255 182.61 184.648 26.5107 9.43945 80.9906
255 182.041 184.105 26.737 9.52927 80.8486
254.999 181.47 183.56 26.9642 9.61969 80.7061
254.999 180.896 183.012 27.1927 9.71091 80.5631
254.999 180.319 182.463 27.4226 9.80293 80.4197
254.999 179.74 181.911 27.6537 9.89575 80.2758
255 179.158 181.356 27.8862 9.98938 80.1315
254.999 178.574 180.8 28.1196 10.0837 79.9867
254.999 177.988 180.241 28.3543 10.1787 79.8414
254.999 177.398 179.679 28.5903 10.2747 79.6956
254.999 176.806 179.116 28.8276 10.3714 79.5494
254.999 176.211 178.55 29.0663 10.469 79.4027
255 175.613 177.981 29.3063 10.5675 79.2555
255 175.013 177.41 29.5475 10.6668 79.1079
254.999 174.41 176.837 29.7897 10.7667 78.9598
255 173.805 176.261 30.0336 10.8678 78.8112
254.999 173.196 175.682 30.2783 10.9695 78.6621
254.999 172.585 175.102 30.5248 11.0723 78.5125
255 171.971 174.518 30.7726 11.176 78.3625
255 171.353 173.932 31.0218 11.2806 78.212
255 170.733 173.343 31.2722 11.3861 78.061
255 170.111 172.752 31.5239 11.4925 77.9095
254.999 169.485 172.159 31.7768 11.5998 77.7575
255 168.856 171.562 32.0316 11.7083 77.605
255 168.224 170.963 32.2876 11.8177 77.452
255 167.589 170.361 32.5449 11.928 77.2985
254.999 166.951 169.757 32.8034 12.0393 77.1446
255 166.31 169.149 33.0637 12.1517 76.9901
254.999 165.666 168.539 33.3253 12.2652 76.8352
255 165.018 167.926 33.5885 12.3798 76.6797
255 164.367 167.311 33.8531 12.4954 76.5238
255 163.714 166.692 34.1188 12.612 76.3673
255 163.056 166.071 34.3863 12.7298 76.2103
254.999 162.396 165.447 34.655 12.8486 76.0529
254.999 161.732 164.82 34.9255 12.9686 75.8949
255 161.065 164.189 35.1976 13.0899 75.7364
255 160.395 163.556 35.4709 13.2123 75.5774
255 159.72 162.92 35.7459 13.3359 75.4179
255 159.043 162.281 36.0224 13.4607 75.2578
255 158.362 161.639 36.3005 13.5868 75.0973
255 157.677 160.994 36.5801 13.714 74.9362
255 156.989 160.345 36.8613 13.8426 74.7746
254.764 156.357 160.39 37.1066 13.5859 74.6125
254.512 155.793 159.847 37.2439 13.6512 74.4499
254.257 155.229 159.302 37.3804 13.7165 74.2868
253.998 154.663 158.757 37.5163 13.7817 74.1231
253.737 154.096 158.211 37.6516 13.8468 73.9589
253.472 153.528 157.663 37.7862 13.9119 73.7942
253.205 152.96 157.115 37.9201 13.9769 73.6289
252.934 152.39 156.566 38.0533 14.0417 73.4631
252.661 151.819 156.016 38.1859 14.1066 73.2968
252.384 151.248 155.465 38.3178 14.1713 73.1299
252.104 150.675 154.913 38.4489 14.2359 72.9625
251.821 150.102 154.36 38.5794 14.3005 72.7946
251.534 149.528 153.807 38.7092 14.3649 72.6261
251.245 148.953 153.252 38.8382 14.4293 72.4571
250.952 148.376 152.696 38.9665 14.4936 72.2875
250.657 147.799 152.14 39.0941 14.5578 72.1174
250.358 147.221 151.582 39.221 14.6218 71.9467
250.055 146.642 151.024 39.3471 14.6858 71.7755
249.75 146.063 150.464 39.4725 14.7497 71.6037
249.441 145.482 149.904 39.5971 14.8134 71.4314
249.129 144.9 149.343 39.7209 14.8771 71.2585
248.814 144.318 148.781 39.844 14.9406 71.0851
248.496 143.734 148.218 39.9663 15.004 70.9111
248.174 143.15 147.654 40.0878 15.0673 70.7365
247.849 142.564 147.089 40.2086 15.1305 70.5614
247.521 141.978 146.523 40.3285 15.1935 70.3857
247.189 141.391 145.956 40.4477 15.2565 70.2094
246.854 140.803 145.389 40.566 15.3193 70.0326
246.516 140.215 144.82 40.6836 15.3819 69.8552
246.174 139.625 144.251 40.8003 15.4445 69.6772
245.829 139.034 143.681 40.9161 15.5069 69.4987
245.481 138.443 143.11 41.0312 15.5691 69.3196
245.129 137.851 142.538 41.1454 15.6312 69.1399
244.774 137.257 141.965 41.2587 15.6932 68.9596
244.415 136.663 141.391 41.3712 15.755 68.7788
244.053 136.069 140.817 41.4829 15.8167 68.5973
243.688 135.473 140.241 41.5936 15.8782 68.4153
243.319 134.876 139.665 41.7035 15.9396 68.2327
242.946 134.279 139.088 41.8125 16.0008 68.0495
242.57 133.681 138.51 41.9206 16.0619 67.8657
242.191 133.082 137.931 42.0278 16.1227 67.6813
241.808 132.482 137.351 42.1341 16.1835 67.4963
241.422 131.881 136.77 42.2395 16.244 67.3107
241.032 131.279 136.189 42.3439 16.3044 67.1245
240.639 130.677 135.607 42.4475 16.3646 66.9378
240.242 130.074 135.023 42.5501 16.4246 66.7504
239.841 129.47 134.44 42.6517 16.4844 66.5624
239.437 128.865 133.855 42.7524 16.544 66.3738
239.029 128.26 133.269 42.8522 16.6035 66.1846
238.618 127.653 132.683 42.951 16.6628 65.9948
238.203 127.046 132.096 43.0488 16.7218 65.8043
237.785 126.438 131.507 43.1456 16.7807 65.6133
237.363 125.829 130.919 43.2414 16.8393 65.4217
236.937 125.22 130.329 43.3363 16.8978 65.2294
236.508 124.61 129.739 43.4301 16.956 65.0365
236.075 123.999 129.147 43.5229 17.0141 64.843
235.638 123.387 128.555 43.6147 17.0719 64.6488
235.198 122.774 127.962 43.7055 17.1295 64.4541
234.753 122.161 127.369 43.7952 17.1869 64.2587
234.306 121.547 126.775 43.8839 17.244 64.0626
233.854 120.932 126.179 43.9716 17.3009 63.866
233.399 120.317 125.584 44.0582 17.3576 63.6687
232.94 119.701 124.987 44.1437 17.4141 63.4707
232.477 119.084 124.39 44.2281 17.4703 63.2722
232.011 118.466 123.791 44.3115 17.5262 63.073
231.54 117.848 123.193 44.3938 17.5819 62.8731
231.066 117.229 122.593 44.4749 17.6374 62.6726
230.588 116.609 121.993 44.555 17.6926 62.4715
230.106 115.989 121.392 44.6339 17.7475 62.2697
229.621 115.368 120.79 44.7118 17.8022 62.0672
229.131 114.746 120.187 44.7885 17.8566 61.8641
228.638 114.124 119.584 44.864 17.9108 61.6604
228.141 113.501 118.98 44.9384 17.9646 61.456
227.64 112.877 118.375 45.0117 18.0182 61.2509
227.135 112.253 117.77 45.0837 18.0715 61.0452
226.626 111.628 117.164 45.1546 18.1245 60.8388
226.114 111.002 116.557 45.2244 18.1772 60.6317
225.597 110.376 115.95 45.2929 18.2297 60.424
225.077 109.749 115.342 45.3602 18.2818 60.2156
224.552 109.121 114.733 45.4264 18.3336 60.0065
224.024 108.493 114.124 45.4913 18.3851 59.7967
223.491 107.865 113.514 45.5549 18.4363 59.5863
222.955 107.235 112.903 45.6174 18.4872 59.3752
222.414 106.606 112.292 45.6786 18.5378 59.1634
221.87 105.975 111.68 45.7385 18.588 58.951
221.322 105.344 111.068 45.7972 18.6379 58.7378
220.769 104.713 110.455 45.8547 18.6874 58.524
220.213 104.08 109.841 45.9108 18.7367 58.3094
219.652 103.448 109.226 45.9656 18.7855 58.0942
219.088 102.815 108.612 46.0192 18.8341 57.8783
218.519 102.181 107.996 46.0715 18.8822 57.6617
217.946 101.547 107.38 46.1224 18.93 57.4444
217.369 100.912 106.763 46.172 18.9775 57.2263
216.788 100.277 106.146 46.2203 19.0246 57.0076
216.203 99.6409 105.528 46.2672 19.0713 56.7882
215.614 99.0047 104.91 46.3128 19.1176 56.5681
215.021 98.368 104.291 46.3571 19.1636 56.3472
214.424 97.7309 103.671 46.3999 19.2091 56.1257
213.822 97.0932 103.051 46.4414 19.2543 55.9034
213.216 96.4552 102.431 46.4815 19.299 55.6804
212.606 95.8167 101.81 46.5202 19.3434 55.4567
211.992 95.1777 101.188 46.5575 19.3873 55.2323
211.374 94.5384 100.566 46.5933 19.4309 55.0071
210.751 93.8986 99.9439 46.6278 19.474 54.7812
210.124 93.2584 99.3209 46.6608 19.5167 54.5546
209.493 92.6178 98.6975 46.6924 19.5589 54.3273
208.858 91.9769 98.0736 46.7225 19.6008 54.0992
208.218 91.3356 97.4492 46.7511 19.6421 53.8704
207.575 90.6939 96.8244 46.7783 19.6831 53.6409
206.927 90.0519 96.1992 46.804 19.7235 53.4106
206.274 89.4095 95.5736 46.8281 19.7636 53.1795
205.618 88.7668 94.9475 46.8508 19.8031 52.9478
204.957 88.1238 94.321 46.872 19.8422 52.7152
204.291 87.4804 93.6941 46.8917 19.8808 52.482
203.622 86.8368 93.0669 46.9098 19.9189 52.2479
202.948 86.1929 92.4392 46.9263 19.9566 52.0131
202.269 85.5487 91.8112 46.9414 19.9937 51.7776
201.587 84.9042 91.1828 46.9548 20.0304 51.5413
200.9 84.2595 90.5541 46.9667 20.0665 51.3042
200.208 83.6145 89.9251 46.977 20.1021 51.0664
199.513 82.9693 89.2957 46.9857 20.1372 50.8278
198.813 82.3239 88.666 46.9928 20.1718 50.5885
198.108 81.6783 88.0359 46.9983 20.2059 50.3483
197.399 81.0325 87.4056 47.0021 20.2394 50.1074
196.686 80.3865 86.775 47.0044 20.2723 49.8657
195.968 79.7403 86.1441 47.0049 20.3047 49.6232
195.246 79.0939 85.513 47.0039 20.3366 49.38
194.519 78.4475 84.8816 47.0011 20.3679 49.136
193.788 77.8008 84.25 46.9967 20.3986 48.8911
193.052 77.1541 83.6181 46.9906 20.4287 48.6455
192.312 76.5072 82.986 46.9827 20.4583 48.3991
191.567 75.8603 82.3537 46.9732 20.4873 48.1519
190.818 75.2133 81.7212 46.962 20.5156 47.9039
190.065 74.5662 81.0885 46.949 20.5434 47.6551
189.307 73.919 80.4557 46.9343 20.5705 47.4055
188.544 73.2718 79.8226 46.9178 20.597 47.1551
187.777 72.6246 79.1895 46.8996 20.6229 46.9039
187.005 71.9773 78.5562 46.8796 20.6482 46.6519
186.229 71.3301 77.9227 46.8578 20.6728 46.399
185.448 70.6829 77.2892 46.8342 20.6968 46.1454
184.663 70.0357 76.6556 46.8088 20.7201 45.8909
183.873 69.3885 76.0218 46.7816 20.7427 45.6356
183.079 68.7414 75.388 46.7526 20.7647 45.3795
182.28 68.0944 74.7542 46.7217 20.786 45.1225
181.476 67.4474 74.1203 46.6889 20.8065 44.8648
180.668 66.8006 73.4863 46.6543 20.8264 44.6061
179.856 66.1539 72.8524 46.6179 20.8456 44.3467
179.038 65.5073 72.2184 46.5795 20.8641 44.0864
178.216 64.8608 71.5844 46.5392 20.8818 43.8253
177.39 64.2146 70.9505 46.4971 20.8989 43.5633
176.559 63.5685 70.3166 46.453 20.9151 43.3005
175.723 62.9226 69.6828 46.4069 20.9307 43.0369
174.882 62.2769 69.049 46.359 20.9454 42.7724
174.037 61.6314 68.4153 46.3091 20.9595 42.507
173.188 60.9862 67.7817 46.2572 20.9727 42.2408
172.333 60.3413 67.1482 46.2033 20.9851 41.9737
171.474 59.6966 66.5149 46.1474 20.9968 41.7058
170.611 59.0523 65.8816 46.0896 21.0077 41.437
169.742 58.4082 65.2486 46.0297 21.0177 41.1673
168.869 57.7645 64.6157 45.9678 21.0269 40.8968
167.992 57.1211 63.983 45.9038 21.0353 40.6254
167.11 56.4781 63.3505 45.8379 21.0429 40.3531
166.223 55.8355 62.7182 45.7698 21.0496 40.08
165.331 55.1933 62.0862 45.6997 21.0555 39.8059
164.435 54.5516 61.4544 45.6274 21.0605 39.531
163.534 53.9102 60.8229 45.5531 21.0646 39.2552
162.628 53.2694 60.1917 45.4767 21.0678 38.9785
161.718 52.629 59.5608 45.3981 21.0701 38.7009
160.803 51.9891 58.9302 45.3174 21.0715 38.4224
159.883 51.3497 58.3 45.2346 21.072 38.143
158.958 50.7109 57.6701 45.1496 21.0716 37.8627
158.029 50.0727 57.0406 45.0624 21.0702 37.5815
157.095 49.435 56.4115 44.9731 21.0679 37.2994
156.157 48.7979 55.7828 44.8815 21.0646 37.0164
155.214 48.1615 55.1545 44.7878 21.0604 36.7324
154.266 47.5257 54.5267 44.6918 21.0551 36.4476
153.313 46.8906 53.8994 44.5935 21.0489 36.1618
152.356 46.2561 53.2726 44.493 21.0417 35.8751
151.394 45.6224 52.6462 44.3903 21.0334 35.5875
150.427 44.9894 52.0204 44.2853 21.0242 35.299
149.456 44.3571 51.3952 44.178 21.0138 35.0095
148.48 43.7256 50.7705 44.0684 21.0025 34.7191
147.499 43.095 50.1464 43.9565 20.99 34.4277
146.514 42.4651 49.523 43.8422 20.9765 34.1355
145.524 41.8361 48.9001 43.7256 20.9619 33.8422
144.529 41.208 48.278 43.6067 20.9463 33.5481
143.529 40.5807 47.6565 43.4854 20.9295 33.2529
142.525 39.9544 47.0357 43.3617 20.9115 32.9569
141.516 39.329 46.4156 43.2356 20.8925 32.6598
140.503 38.7046 45.7963 43.1071 20.8722 32.3619
139.485 38.0811 45.1777 42.9762 20.8509 32.0629
138.462 37.4587 44.5599 42.8428 20.8283 31.763
137.435 36.8374 43.9429 42.707 20.8046 31.4621
136.403 36.217 43.3268 42.5688 20.7796 31.1603
135.366 35.5978 42.7115 42.4281 20.7535 30.8574
134.325 34.9797 42.0971 42.2849 20.7261 30.5536
133.279 34.3628 41.4836 42.1391 20.6974 30.2489
132.228 33.747 40.8711 41.9909 20.6675 29.9431
131.173 33.1324 40.2595 41.8401 20.6363 29.6363
130.113 32.519 39.6489 41.6868 20.6039 29.3286
129.049 31.9069 39.0393 41.531 20.5701 29.0199
127.98 31.2961 38.4307 41.3725 20.535 28.7101
126.907 30.6865 37.8232 41.2115 20.4986 28.3994
125.829 30.0784 37.2168 41.0479 20.4609 28.0877
124.746 29.4715 36.6114 40.8816 20.4218 27.7749
123.659 28.8661 36.0073 40.7128 20.3813 27.4612
122.568 28.2621 35.4043 40.5413 20.3394 27.1464
121.471 27.6595 34.8024 40.3671 20.2961 26.8306
120.371 27.0585 34.2018 40.1903 20.2513 26.5138
119.266 26.4589 33.6025 40.0108 20.2052 26.196
118.156 25.8609 33.0044 39.8285 20.1575 25.8772
117.043 25.2645 32.4077 39.6436 20.1084 25.5573
115.924 24.6696 31.8123 39.4559 20.0578 25.2364
114.801 24.0764 31.2182 39.2655 20.0057 24.9145
113.674 23.4849 30.6256 39.0724 19.9521 24.5915
112.543 22.895 30.0344 38.8764 19.8969 24.2675
111.407 22.3069 29.4446 38.6777 19.8401 23.9424
110.267 21.7206 28.8563 38.4762 19.7818 23.6163
109.122 21.136 28.2696 38.2718 19.7219 23.2891
107.974 20.5533 27.6844 38.0647 19.6603 22.9609
106.821 19.9724 27.1008 37.8546 19.5972 22.6316
105.664 19.3935 26.5188 37.6417 19.5323 22.3013
104.502 18.8164 25.9385 37.426 19.4658 21.9699
103.337 18.2413 25.3598 37.2073 19.3976 21.6374
102.167 17.6683 24.7829 36.9857 19.3277 21.3038
100.993 17.0972 24.2078 36.7612 19.256 20.9692
99.8149 16.5282 23.6344 36.5338 19.1826 20.6335
98.6329 15.9613 23.0629 36.3034 19.1074 20.2967
97.4468 15.3965 22.4932 36.0701 19.0304 19.9588
96.2567 14.8339 21.9254 35.8337 18.9516 19.6199
95.0626 14.2735 21.3596 35.5944 18.871 19.2798
93.8647 13.7154 20.7958 35.352 18.7884 18.9386
92.6628 13.1595 20.2339 35.1066 18.6996 18.5964
91.457 12.6059 19.6742 34.8582 18.5966 18.253
90.2474 12.0546 19.1165 34.6067 18.4796 17.9085
89.0341 11.5057 18.5609 34.3521 18.3488 17.563
87.8169 10.9593 18.0076 34.0945 18.2042 17.2163
86.5961 10.4152 17.4564 33.8337 18.046 16.8684
85.3716 9.87184 16.9075 33.5698 17.8743 16.5195
84.1436 9.34586 16.3609 33.3027 17.6893 16.1694
82.9119 8.83896 15.8167 33.0325 17.491 15.8182
81.6767 8.35078 15.2748 32.7591 17.2797 15.4659
80.4381 7.88096 14.7354 32.4825 17.0555 15.1124
79.196 7.42915 14.1984 32.2027 16.8185 14.7578
77.9506 6.99498 13.664 31.9197 16.5688 14.4021
76.7019 6.57808 13.1321 31.6334 16.3066 14.0452
75.4499 6.1781 12.6028 31.3439 16.0321 13.6871
74.1947 5.79466 12.0762 31.0511 15.7453 13.3279
72.9364 5.42741 11.5524 30.7551 15.4465 12.9676
71.675 5.07598 11.0312 30.4557 15.1357 12.6061
70.4106 4.74 10.5129 30.153 14.8132 12.2434
69.1433 4.4191 9.99501 29.8469 14.479 11.8795
67.8732 4.11292 9.49084 29.5375 14.1334 11.5145
66.6002 3.8211 9.00461 29.2247 13.7764 11.1482
65.3245 3.54327 8.53598 28.9085 13.4082 10.7809
64.0462 3.27905 8.0846 28.589 13.029 10.4123
62.7653 3.0281 7.65014 28.2659 12.6389 10.0425
61.482 2.79003 7.23225 27.9395 12.2381 9.67154
60.1962 2.5645 6.83057 27.6096 11.8267 9.29937
58.9082 2.35113 6.44478 27.2762 11.4048 8.92601
57.618 2.14956 6.07451 26.9393 10.9727 8.55145
56.3256 1.95943 5.71943 26.5989 10.5305 8.17567
55.0252 1.78001 5.37805 26.2459 10.079 7.79869
53.6827 1.60909 5.04407 25.8288 9.62235 7.42057
52.2896 1.44639 4.71661 25.3343 9.16087 7.04123
50.8415 1.292 4.39574 24.7546 8.69457 6.66066
49.3334 1.14596 4.0815 24.0809 8.22341 6.27887
47.7595 1.00836 3.77394 23.3028 7.74736 5.89585
46.1129 0.879244 3.47312 22.4082 7.26641 5.51159
44.3856 0.758684 3.17909 21.3824 6.78051 5.12609
42.5678 0.646746 2.89191 20.2076 6.28963 4.73935
40.6475 0.543493 2.61164 18.8622 5.79375 4.35136
38.61 0.448992 2.33832 17.3189 5.29284 3.96212
36.4366 0.363308 2.07201 15.6633 4.78686 3.57162
34.1033 0.286509 1.81277 13.9909 4.27578 3.17987
31.5775 0.21866 1.56065 12.3018 3.75958 2.78685
28.8147 0.159828 1.31571 10.5959 3.23822 2.39256
25.7496 0.110082 1.07801 8.87292 2.71167 1.99701
22.2809 0.0694877 0.847594 7.1329 2.1799 1.60017
18.2355 0.0381141 0.62453 5.3757 1.64288 1.20206
13.2679 0.0160291 0.408871 3.60122 1.10058 0.802663
6.81699 0.00330141 0.200675 1.80935 0.552964 0.401977
0 0 0 0 0 0
