7.33774e-07 7.33748e-07 7.33898e-07 0 0 0
0.733917 0.733891 0.734041 5.47757e-05 -0.000108351 0.201218
1.46665 1.4666 1.4669 0.000109474 -0.000216525 0.402112
2.19821 2.19813 2.19858 0.000164072 -0.000324506 0.602683
2.92859 2.92849 2.92908 0.000218578 -0.000432365 0.802931
3.65779 3.65766 3.65841 0.00027307 -0.000540026 1.00286
4.38582 4.38567 4.38656 0.000327294 -0.000647374 1.20246
5.11267 5.1125 5.11354 0.000381603 -0.000754794 1.40174
5.83836 5.83816 5.83935 0.000435736 -0.000861767 1.6007
6.56288 6.56265 6.56399 0.000489891 -0.000968835 1.79935
7.28623 7.28598 7.28746 0.000543813 -0.00107568 1.99767
8.00842 8.00814 8.00977 0.000597626 -0.00118226 2.19567
8.72945 8.72914 8.73092 0.000651709 -0.00128885 2.39335
9.44931 9.44898 9.45091 0.000705368 -0.00139507 2.59072
10.168 10.1677 10.1697 0.000758853 -0.00150086 2.78777
10.8672 10.8668 10.8689 0.00081276 -0.00160727 2.9845
11.5371 11.5367 11.5389 0.000865114 -0.00171177 3.18091
12.1823 12.1819 12.1841 0.000918892 -0.00181829 3.37701
12.8049 12.8045 12.8068 0.000972097 -0.00192299 3.57279
13.4071 13.4067 13.409 0.00102591 -0.00202911 3.76826
13.9903 13.9899 13.9923 0.00107972 -0.00213493 3.96341
14.5561 14.5557 14.5581 0.00113252 -0.00223971 4.15825
15.1058 15.1054 15.1078 0.0011852 -0.00234402 4.35277
15.6405 15.64 15.6426 0.00123774 -0.00244778 4.54698
16.1612 16.1607 16.1633 0.00129083 -0.00255292 4.74088
16.6687 16.6683 16.6709 0.00134485 -0.00265825 4.93447
17.1641 17.1636 17.1663 0.00139545 -0.00276062 5.12774
17.6478 17.6474 17.6501 0.0014491 -0.00286461 5.3207
18.1207 18.1203 18.123 0.00150109 -0.00296838 5.51336
18.5833 18.5829 18.5856 0.00155357 -0.00307111 5.7057
19.0362 19.0357 19.0385 0.00160548 -0.00317689 5.89773
19.4798 19.4794 19.4822 0.00165584 -0.00327848 6.08946
19.9147 19.9142 19.9171 0.00171121 -0.0033838 6.28087
20.3412 20.3407 20.3437 0.00176344 -0.00348529 6.47198
20.7598 20.7593 20.7623 0.00181413 -0.00358757 6.66278
21.1708 21.1703 21.1733 0.0018649 -0.00369006 6.85327
21.5745 21.574 21.577 0.00191746 -0.00379216 7.04346
21.9713 21.9708 21.9738 0.00197109 -0.003897 7.23334
22.3614 22.3609 22.364 0.00202027 -0.00399503 7.42291
22.7451 22.7446 22.7477 0.00207139 -0.00409835 7.61218
23.1227 23.1222 23.1254 0.00212442 -0.00420125 7.80115
23.4945 23.4939 23.4971 0.00217758 -0.00430436 7.98981
23.8631 23.8625 23.8657 0.00219454 -0.00433836 8.1782
24.2318 24.2312 24.2345 0.00221249 -0.00437112 8.36626
24.6006 24.6001 24.6033 0.00222955 -0.00440714 8.55401
24.9696 24.969 24.9723 0.0022456 -0.00444042 8.74146
25.3386 25.338 25.3414 0.00226162 -0.00447365 8.9286
25.7078 25.7072 25.7105 0.00227762 -0.00450682 9.11545
26.077 26.0764 26.0798 0.00229359 -0.00453993 9.302
26.4463 26.4457 26.4492 0.0023105 -0.00457562 9.48824
26.8157 26.8151 26.8186 0.00233006 -0.00460733 9.67419
27.1852 27.1846 27.1881 0.00234594 -0.00464026 9.85983
27.5547 27.5541 27.5576 0.00236362 -0.0046725 10.0452
27.9243 27.9237 27.9273 0.00237945 -0.00470533 10.2302
28.294 28.2934 28.297 0.00239621 -0.00474072 10.415
28.6637 28.6631 28.6667 0.0024138 -0.0047728 10.5994
29.0334 29.0328 29.0365 0.00243135 -0.00480482 10.7836
29.4032 29.4026 29.4063 0.00244623 -0.00484066 10.9674
29.7731 29.7724 29.7761 0.00246276 -0.00486997 11.151
30.1429 30.1423 30.146 0.00247939 -0.00490507 11.3343
30.5128 30.5122 30.5159 0.00249683 -0.00493688 11.5173
30.8827 30.8821 30.8859 0.0025134 -0.00497186 11.6999
31.2526 31.252 31.2558 0.00252899 -0.00500419 11.8823
31.6225 31.6219 31.6257 0.00254634 -0.00503584 12.0644
31.9925 31.9918 31.9957 0.00256189 -0.00506807 12.2462
32.3624 32.3617 32.3656 0.00257563 -0.00510088 12.4277
32.7323 32.7316 32.7356 0.0025929 -0.00513238 12.6089
33.1022 33.1015 33.1055 0.00261203 -0.00516896 12.7898
33.4721 33.4714 33.4754 0.00262924 -0.00520036 12.9705
33.842 33.8413 33.8453 0.00264643 -0.00523171 13.1508
34.2118 34.2111 34.2152 0.00266006 -0.00526425 13.3309
34.5816 34.5809 34.5851 0.00267906 -0.0053006 13.5106
34.9514 34.9507 34.9549 0.00269617 -0.0053318 13.6901
35.3212 35.3204 35.3246 0.00270787 -0.0053591 13.8693
35.6909 35.6902 35.6944 0.00272142 -0.00539145 14.0482
36.0605 36.0598 36.0641 0.00274917 -0.00543018 14.2268
36.4301 36.4294 36.4337 0.00276081 -0.00545735 14.4051
36.7997 36.799 36.8033 0.00277429 -0.00548955 14.5831
37.1692 37.1685 37.1728 0.00279124 -0.00552047 14.7609
37.5386 37.5379 37.5423 0.00280816 -0.00555134 14.9383
37.908 37.9072 37.9117 0.00282691 -0.00558719 15.1155
38.2773 38.2765 38.281 0.00283499 -0.00561539 15.2924
38.6465 38.6458 38.6502 0.00285715 -0.00564992 15.469
39.0157 39.0149 39.0194 0.00287398 -0.00568061 15.6453
39.3847 39.384 39.3885 0.00288732 -0.00571247 15.8213
39.7537 39.753 39.7575 0.00290409 -0.00574306 15.9971
40.1226 40.1218 40.1264 0.00291556 -0.00576984 16.1726
40.4914 40.4906 40.4953 0.00293756 -0.00580412 16.3477
40.8601 40.8593 40.864 0.00295265 -0.00584077 16.5226
41.2287 41.228 41.2326 0.00296407 -0.00586743 16.6973
41.5973 41.5965 41.6012 0.00298597 -0.00590156 16.8716
41.9657 41.9649 41.9696 0.00299736 -0.00592814 17.0457
42.334 42.3331 42.3379 0.00301578 -0.00596338 17.2194
42.7021 42.7013 42.7061 0.00303236 -0.00599363 17.3929
43.0702 43.0694 43.0742 0.00304551 -0.00602503 17.5662
43.4382 43.4373 43.4422 0.00306204 -0.00605519 17.7391
43.806 43.8051 43.8101 0.00308036 -0.00609023 17.9118
44.1737 44.1728 44.1778 0.00309504 -0.00611539 18.0842
44.5413 44.5404 44.5454 0.00310812 -0.00614662 18.2563
44.9087 44.9079 44.9128 0.00312456 -0.00617661 18.4281
45.276 45.2752 45.2802 0.0031394 -0.00621266 18.5997
45.6432 45.6423 45.6474 0.003154 -0.00623767 18.7709
46.0102 46.0094 46.0144 0.003167 -0.00626873 18.9419
46.3771 46.3762 46.3814 0.00318336 -0.00629856 19.1127
46.7439 46.743 46.7481 0.00320149 -0.00633323 19.2831
47.1104 47.1096 47.1148 0.0032178 -0.00636297 19.4533
47.4769 47.476 47.4812 0.00322894 -0.006389 19.6232
47.8432 47.8423 47.8475 0.00325213 -0.0064272 19.7928
48.2093 48.2084 48.2137 0.00326502 -0.006458 19.9622
48.5753 48.5744 48.5797 0.00327946 -0.00648274 20.1313
48.9411 48.9402 48.9455 0.00329232 -0.00651346 20.3001
49.3068 49.3059 49.3112 0.00331028 -0.00654781 20.4686
49.6722 49.6713 49.6767 0.00332132 -0.00657362 20.6369
50.0376 50.0366 50.0421 0.00333747 -0.00660305 20.8049
50.4027 50.4018 50.4072 0.00335358 -0.00663244 20.9726
50.7677 50.7667 50.7722 0.00337145 -0.00666661 21.1401
51.1325 51.1315 51.137 0.00338244 -0.00669228 21.3073
51.4971 51.4961 51.5017 0.00340026 -0.00672636 21.4742
51.8615 51.8606 51.8661 0.00341629 -0.00675559 21.6408
52.2258 52.2248 52.2304 0.0034323 -0.00678479 21.8072
52.5898 52.5889 52.5945 0.00344499 -0.00681512 21.9733
52.9537 52.9527 52.9584 0.00345766 -0.0068454 22.1392
53.3174 53.3164 53.3221 0.00347691 -0.00687333 22.3048
53.6808 53.6799 53.6856 0.0034845 -0.00689993 22.4701
54.0441 54.0432 54.0489 0.00350042 -0.00692894 22.6351
54.4072 54.4062 54.412 0.00351806 -0.00696268 22.7999
54.7701 54.7691 54.775 0.00353897 -0.00699522 22.9644
55.1328 55.1318 55.1377 0.00354979 -0.00702052 23.1287
55.4953 55.4943 55.5002 0.00356736 -0.00705413 23.2927
55.8576 55.8566 55.8625 0.00358143 -0.00707822 23.4564
56.2197 56.2187 56.2246 0.00359395 -0.00710816 23.6198
56.5815 56.5805 56.5865 0.00361147 -0.00714165 23.783
56.9432 56.9422 56.9482 0.00362222 -0.00716679 23.946
57.3046 57.3036 57.3096 0.00363795 -0.00719548 24.1086
57.6658 57.6648 57.6709 0.0036554 -0.00722884 24.2711
58.0269 58.0258 58.0319 0.00367435 -0.00725631 24.4332
58.3876 58.3866 58.3927 0.00368179 -0.00728247 24.5951
58.7482 58.7472 58.7533 0.00369745 -0.00731102 24.7567
59.1085 59.1075 59.1137 0.00370985 -0.00734067 24.9181
59.4686 59.4676 59.4738 0.00372719 -0.00737384 25.0792
59.8285 59.8275 59.8337 0.0037428 -0.00740227 25.24
60.1882 60.1871 60.1934 0.00375514 -0.00743181 25.4006
60.5476 60.5465 60.5529 0.00377394 -0.00745904 25.561
60.9068 60.9057 60.9121 0.00378948 -0.00748738 25.721
61.2658 61.2647 61.2711 0.00380178 -0.00751681 25.8808
61.6245 61.6234 61.6298 0.00381406 -0.00754621 26.0404
61.983 61.9819 61.9883 0.00382462 -0.00757092 26.1997
62.3412 62.3401 62.3466 0.00384503 -0.00760264 26.3587
62.6992 62.6981 62.7046 0.00386219 -0.00763546 26.5175
63.057 63.0559 63.0624 0.00387591 -0.00765894 26.6761
63.4145 63.4134 63.42 0.00388491 -0.0076893 26.8343
63.7718 63.7707 63.7773 0.00389861 -0.00771272 26.9924
64.1288 64.1277 64.1343 0.00391079 -0.00774188 27.1501
64.4856 64.4844 64.4911 0.00393106 -0.00777339 27.3076
64.8421 64.841 64.8477 0.00394641 -0.00780135 27.4649
65.1984 65.1972 65.204 0.00396173 -0.00782928 27.6219
65.5544 65.5533 65.56 0.00396897 -0.00785481 27.7787
65.9102 65.909 65.9158 0.00398108 -0.00788381 27.9352
66.2657 66.2645 66.2713 0.00400442 -0.00791401 28.0914
66.6209 66.6198 66.6266 0.0040148 -0.00793833 28.2474
66.9759 66.9747 66.9816 0.00402856 -0.00797182 28.4032
67.3306 67.3295 67.3364 0.00404209 -0.00799496 28.5587
67.6851 67.6839 67.6909 0.00405899 -0.00802726 28.7139
68.0393 68.0381 68.0451 0.00406932 -0.00805146 28.8689
68.3932 68.3921 68.3991 0.00408618 -0.00808369 29.0237
68.7469 68.7457 68.7527 0.00409965 -0.00810672 29.1782
69.1003 69.0991 69.1062 0.00411479 -0.0081343 29.3324
69.4535 69.4523 69.4593 0.00412675 -0.00816296 29.4864
69.8063 69.8051 69.8122 0.00414018 -0.00818591 29.6402
70.1589 70.1577 70.1648 0.0041601 -0.00821686 29.7937
70.5113 70.51 70.5172 0.00417202 -0.00824543 29.9469
70.8633 70.8621 70.8693 0.00418875 -0.00827741 30.0999
71.2151 71.2138 71.2211 0.00419896 -0.00830136 30.2527
71.5666 71.5653 71.5726 0.00420917 -0.00832528 30.4052
71.9178 71.9166 71.9238 0.00422103 -0.00835372 30.5575
72.2687 72.2675 72.2748 0.00424083 -0.00838446 30.7095
72.6194 72.6181 72.6255 0.004251 -0.0084083 30.8613
72.9698 72.9685 72.9759 0.00426763 -0.00844007 31.0128
73.3199 73.3186 73.326 0.00427464 -0.00846496 31.1641
73.6697 73.6684 73.6758 0.00429103 -0.00848651 31.3152
74.0192 74.0179 74.0254 0.00430761 -0.00851819 31.466
74.3685 74.3672 74.3747 0.00432084 -0.00854079 31.6166
74.7174 74.7161 74.7237 0.00433259 -0.00856899 31.7669
75.0661 75.0648 75.0723 0.00434434 -0.00859715 31.917
75.4145 75.4132 75.4207 0.00436396 -0.0086276 32.0668
75.7625 75.7613 75.7689 0.00437402 -0.00865119 32.2164
76.1103 76.109 76.1167 0.00439525 -0.00868608 32.3658
76.4579 76.4566 76.4642 0.00440052 -0.00870621 32.5149
76.8051 76.8038 76.8115 0.0044153 -0.00873313 32.6638
77.152 77.1507 77.1584 0.00443007 -0.00876001 32.8124
77.4986 77.4973 77.5051 0.00444172 -0.00878797 32.9608
77.8449 77.8436 77.8514 0.00445336 -0.00881589 33.109
78.191 78.1897 78.1975 0.00446953 -0.00883711 33.2569
78.5367 78.5354 78.5432 0.00447949 -0.0088605 33.4046
78.8821 78.8808 78.8887 0.00449583 -0.00889172 33.552
79.2273 79.226 79.2338 0.00450577 -0.00891505 33.6992
79.5721 79.5708 79.5787 0.00452516 -0.00894512 33.8462
79.9167 79.9153 79.9233 0.00453508 -0.0089684 33.9929
80.2609 80.2595 80.2675 0.00454827 -0.00900058 34.1394
80.6048 80.6035 80.6115 0.00456904 -0.00902501 34.2857
80.9484 80.9471 80.9551 0.00457276 -0.00905038 34.4317
81.2918 81.2904 81.2985 0.00458735 -0.00907693 34.5775
81.6348 81.6334 81.6415 0.00460192 -0.00910345 34.7231
81.9775 81.9761 81.9843 0.00461647 -0.00912994 34.8684
82.3199 82.3185 82.3267 0.00463101 -0.0091564 35.0135
82.662 82.6606 82.6688 0.0046439 -0.00917839 35.1583
83.0038 83.0024 83.0106 0.00465535 -0.00920588 35.303
83.3453 83.3438 83.3521 0.00466984 -0.00923226 35.4474
83.6864 83.685 83.6933 0.00467963 -0.00925527 35.5915
84.0273 84.0258 84.0342 0.00469267 -0.0092871 35.7354
84.3678 84.3664 84.3747 0.00470855 -0.00930789 35.8791
84.708 84.7066 84.715 0.00471993 -0.00933524 36.0226
85.0479 85.0465 85.0549 0.00473598 -0.00936591 36.1658
85.3875 85.3861 85.3945 0.00475039 -0.00939212 36.3088
85.7268 85.7254 85.7338 0.00476011 -0.00941497 36.4516
86.0658 86.0644 86.0728 0.00477144 -0.00944221 36.5941
86.4045 86.403 86.4115 0.00478561 -0.00945846 36.7365
86.7428 86.7413 86.7499 0.00479387 -0.00948671 36.8785
87.0808 87.0793 87.0879 0.00481287 -0.00951613 37.0204
87.4185 87.417 87.4256 0.00482254 -0.00953886 37.162
87.7559 87.7544 87.763 0.00483846 -0.00956929 37.3034
88.0929 88.0915 88.1001 0.00484649 -0.00958758 37.4446
88.4297 88.4282 88.4369 0.00486078 -0.00961356 37.5855
88.7661 88.7646 88.7733 0.00487201 -0.00964058 37.7262
89.1022 89.1007 89.1095 0.00488788 -0.00967089 37.8667
89.438 89.4365 89.4452 0.00490051 -0.00969241 38.007
89.7734 89.7719 89.7807 0.00491776 -0.00971722 38.147
90.1085 90.107 90.1159 0.00492734 -0.00973976 38.2868
90.4433 90.4418 90.4507 0.00493549 -0.00976771 38.4264
90.7778 90.7763 90.7852 0.00495572 -0.00979138 38.5658
91.112 91.1105 91.1194 0.00496385 -0.00981928 38.7049
91.4458 91.4443 91.4532 0.00497339 -0.00984172 38.8438
91.7793 91.7778 91.7867 0.00499215 -0.00987075 38.9825
92.1125 92.1109 92.1199 0.00500166 -0.00989314 39.121
92.4453 92.4438 92.4528 0.00501578 -0.00991881 39.2592
92.7778 92.7763 92.7854 0.00502828 -0.0099401 39.3973
93.11 93.1085 93.1176 0.00503936 -0.00996678 39.5351
93.4419 93.4403 93.4494 0.00504884 -0.00998909 39.6726
93.7734 93.7719 93.781 0.0050629 -0.0100147 39.81
94.1046 94.1031 94.1122 0.00507395 -0.0100413 39.9471
94.4355 94.4339 94.4431 0.00508799 -0.0100668 40.084
94.766 94.7645 94.7737 0.00510042 -0.0100879 40.2207
95.0962 95.0947 95.1039 0.00511284 -0.0101091 40.3572
95.4261 95.4245 95.4338 0.00512842 -0.0101389 40.4935
95.7557 95.7541 95.7634 0.00513324 -0.0101577 40.6295
96.0849 96.0833 96.0926 0.0051518 -0.0101864 40.7653
96.4137 96.4122 96.4215 0.00516118 -0.0102085 40.9009
96.7423 96.7407 96.7501 0.0051797 -0.0102371 41.0363
97.0705 97.0689 97.0783 0.00518905 -0.0102592 41.1715
97.3984 97.3968 97.4062 0.00519999 -0.0102855 41.3064
97.7259 97.7243 97.7338 0.00520933 -0.0103075 41.4411
98.0531 98.0515 98.061 0.00522322 -0.0103328 41.5756
98.38 98.3784 98.3879 0.00523552 -0.0103537 41.7099
98.7065 98.7049 98.7144 0.00524939 -0.0103789 41.844
99.0327 99.0311 99.0407 0.0052678 -0.0104074 41.9779
99.3586 99.3569 99.3665 0.00527253 -0.010426 42.1115
99.6841 99.6824 99.6921 0.00528339 -0.0104522 42.2449
100.009 100.008 100.017 0.00529563 -0.010473 42.3782
100.334 100.332 100.342 0.00531101 -0.0105024 42.5111
100.659 100.657 100.667 0.00532026 -0.0105242 42.6439
100.983 100.981 100.991 0.00533246 -0.0105449 42.7765
101.307 101.305 101.315 0.00534327 -0.010571 42.9089
101.63 101.628 101.638 0.00535702 -0.010596 43.041
101.953 101.952 101.961 0.00536919 -0.0106167 43.1729
102.276 102.274 102.284 0.00538449 -0.0106459 43.3047
102.598 102.597 102.607 0.00539663 -0.0106666 43.4362
102.921 102.919 102.929 0.00540286 -0.0106893 43.5675
103.242 103.241 103.251 0.00541655 -0.0107141 43.6986
103.564 103.562 103.572 0.00543023 -0.010739 43.8294
103.885 103.883 103.893 0.00543938 -0.0107606 43.9601
104.206 104.204 104.214 0.00545304 -0.0107854 44.0906
104.526 104.524 104.534 0.00546512 -0.0108059 44.2208
104.846 104.844 104.855 0.00547875 -0.0108307 44.3508
105.166 105.164 105.174 0.00548786 -0.0108522 44.4807
105.485 105.484 105.494 0.00550009 -0.0108822 44.6103
105.804 105.803 105.813 0.00550762 -0.0108994 44.7397
106.123 106.121 106.131 0.00552414 -0.010923 44.8689
106.441 106.44 106.45 0.00553477 -0.0109487 44.9979
106.759 106.758 106.768 0.00554677 -0.0109691 45.1267
107.077 107.075 107.086 0.00556188 -0.010998 45.2552
107.394 107.393 107.403 0.00557092 -0.0110193 45.3836
107.711 107.71 107.72 0.0055784 -0.0110364 45.5118
108.028 108.026 108.037 0.00559347 -0.0110652 45.6397
108.344 108.342 108.353 0.00560541 -0.0110855 45.7675
108.66 108.658 108.669 0.0056189 -0.01111 45.895
108.976 108.974 108.984 0.00563238 -0.0111344 46.0224
109.291 109.289 109.3 0.00563981 -0.0111515 46.1495
109.606 109.604 109.615 0.00565034 -0.0111769 46.2764
109.92 109.919 109.929 0.00565931 -0.0111981 46.4031
110.235 110.233 110.243 0.00567566 -0.0112215 46.5297
110.548 110.547 110.557 0.00568015 -0.0112395 46.656
110.862 110.86 110.871 0.00570094 -0.011266 46.7821
111.175 111.173 111.184 0.0057085 -0.0112923 46.908
111.488 111.486 111.497 0.00571879 -0.0113082 47.0337
111.8 111.799 111.809 0.00572925 -0.0113335 47.1592
112.113 112.111 112.121 0.00574261 -0.0113578 47.2845
112.424 112.422 112.433 0.00575151 -0.0113788 47.4096
112.736 112.734 112.745 0.0057664 -0.0114072 47.5345
113.047 113.045 113.056 0.00577373 -0.011424 47.6592
113.358 113.356 113.366 0.00578995 -0.0114472 47.7837
113.668 113.666 113.677 0.00580461 -0.0114661 47.908
113.978 113.976 113.987 0.00580612 -0.0114849 48.0321
114.288 114.286 114.297 0.0058165 -0.01151 48.156
114.597 114.595 114.606 0.00583267 -0.0115331 48.2797
114.906 114.904 114.915 0.00584304 -0.0115582 48.4032
115.215 115.213 115.224 0.00585339 -0.0115832 48.5265
115.523 115.521 115.532 0.00586952 -0.0116062 48.6496
115.831 115.829 115.84 0.00587678 -0.0116229 48.7725
116.138 116.136 116.147 0.00589289 -0.0116458 48.8952
116.446 116.444 116.455 0.0059032 -0.0116708 49.0178
116.752 116.751 116.762 0.00591351 -0.0116958 49.1401
117.059 117.057 117.068 0.00591766 -0.011704 49.2622
117.365 117.363 117.374 0.00593679 -0.0117352 49.3841
117.671 117.669 117.68 0.00594706 -0.0117601 49.5058
117.976 117.975 117.986 0.00595426 -0.0117766 49.6274
118.282 118.28 118.291 0.00596452 -0.0118015 49.7487
118.586 118.584 118.596 0.00598053 -0.0118243 49.8698
118.891 118.889 118.9 0.00598771 -0.0118408 49.9908
119.195 119.193 119.204 0.00599488 -0.0118572 50.1115
119.499 119.497 119.508 0.00600816 -0.0118903 50.2321
119.802 119.8 119.811 0.00602412 -0.011913 50.3524
120.105 120.103 120.114 0.00603126 -0.0119294 50.4726
120.408 120.406 120.417 0.0060384 -0.0119458 50.5926
120.71 120.708 120.719 0.00605738 -0.0119768 50.7123
121.012 121.01 121.021 0.0060645 -0.0119932 50.8319
121.313 121.312 121.323 0.00608346 -0.0120241 50.9513
121.615 121.613 121.624 0.00608177 -0.0120341 51.0705
121.916 121.914 121.925 0.0060946 -0.0120484 51.1895
122.216 122.214 122.226 0.00610779 -0.0120813 51.3083
122.516 122.514 122.526 0.00612364 -0.0121038 51.427
122.816 122.814 122.826 0.00613071 -0.0121201 51.5454
123.116 123.114 123.125 0.00613778 -0.0121363 51.6636
123.415 123.413 123.425 0.00615664 -0.0121671 51.7817
123.714 123.712 123.723 0.00616369 -0.0121833 51.8996
124.012 124.01 124.022 0.00617377 -0.0122078 52.0172
124.31 124.308 124.32 0.00618956 -0.0122302 52.1347
124.608 124.606 124.618 0.00619962 -0.0122546 52.252
124.905 124.903 124.915 0.00620663 -0.0122708 52.3691
125.202 125.2 125.212 0.00621668 -0.0122952 52.486
125.499 125.497 125.509 0.00623242 -0.0123175 52.6028
125.795 125.793 125.805 0.00623371 -0.0123356 52.7193
126.091 126.089 126.101 0.0062407 -0.0123517 52.8357
126.387 126.385 126.397 0.00625338 -0.0123657 52.9518
126.682 126.68 126.692 0.0062721 -0.0123963 53.0678
126.977 126.975 126.987 0.00628209 -0.0124205 53.1836
127.272 127.27 127.282 0.00628905 -0.0124365 53.2992
127.566 127.564 127.576 0.006296 -0.0124525 53.4146
127.86 127.858 127.87 0.00630596 -0.0124768 53.5299
128.154 128.152 128.164 0.0063216 -0.0124989 53.6449
128.447 128.445 128.457 0.00632853 -0.0125149 53.7598
128.74 128.738 128.75 0.00634149 -0.0125473 53.8744
129.032 129.03 129.042 0.00635407 -0.0125612 53.9889
129.324 129.322 129.334 0.00636399 -0.0125853 54.1032
129.616 129.614 129.626 0.00637089 -0.0126012 54.2174
129.907 129.905 129.917 0.00638345 -0.0126151 54.3313
130.198 130.196 130.209 0.00638768 -0.0126411 54.4451
130.489 130.487 130.499 0.00639455 -0.0126569 54.5587
130.779 130.777 130.79 0.00641311 -0.0126872 54.672
131.069 131.067 131.08 0.00641997 -0.012703 54.7853
131.359 131.357 131.369 0.00643849 -0.0127331 54.8983
131.648 131.646 131.659 0.00644233 -0.0127407 55.0111
131.937 131.935 131.948 0.00644917 -0.0127565 55.1238
132.226 132.224 132.236 0.00645901 -0.0127804 55.2363
132.514 132.512 132.525 0.00648313 -0.0128085 55.3486
132.802 132.8 132.813 0.0064813 -0.0128181 55.4607
133.09 133.088 133.1 0.00649411 -0.0128501 55.5726
133.377 133.375 133.387 0.00650091 -0.0128658 55.6844
133.664 133.662 133.674 0.00651634 -0.0128876 55.796
133.95 133.948 133.961 0.00652313 -0.0129033 55.9074
134.236 134.234 134.247 0.00653854 -0.0129251 56.0186
134.522 134.52 134.533 0.00653968 -0.0129427 56.1297
134.808 134.806 134.818 0.00655507 -0.0129645 56.2405
135.093 135.091 135.103 0.00656183 -0.0129801 56.3512
135.378 135.375 135.388 0.00658581 -0.013008 56.4617
135.662 135.66 135.673 0.00658693 -0.0130255 56.572
135.946 135.944 135.957 0.00658805 -0.013043 56.6822
136.23 136.228 136.24 0.00660339 -0.0130647 56.7922
136.513 136.511 136.524 0.00661011 -0.0130803 56.902
136.796 136.794 136.807 0.00662244 -0.0130938 57.0116
137.079 137.077 137.089 0.00664073 -0.0131235 57.121
137.361 137.359 137.372 0.00664743 -0.013139 57.2303
137.643 137.641 137.654 0.00665412 -0.0131545 57.3394
137.925 137.922 137.935 0.0066694 -0.0131761 57.4483
138.206 138.204 138.217 0.00667905 -0.0131996 57.5571
138.487 138.485 138.498 0.0066887 -0.0132231 57.6656
138.767 138.765 138.778 0.00668977 -0.0132405 57.774
139.048 139.045 139.058 0.00670203 -0.0132539 57.8822
139.327 139.325 139.338 0.00670308 -0.0132713 57.9903
139.607 139.605 139.618 0.00672687 -0.0132989 58.0981
139.886 139.884 139.897 0.0067335 -0.0133142 58.2058
140.165 140.163 140.176 0.00674311 -0.0133376 58.3134
140.443 140.441 140.454 0.00675829 -0.0133591 58.4207
140.722 140.719 140.732 0.00677346 -0.0133805 58.5279
140.999 140.997 141.01 0.00677151 -0.0133896 58.6349
141.277 141.274 141.288 0.0067755 -0.013415 58.7417
141.554 141.552 141.565 0.00678768 -0.0134282 58.8484
141.831 141.828 141.841 0.00680282 -0.0134496 58.9549
142.107 142.105 142.118 0.0068094 -0.0134648 59.0612
142.383 142.381 142.394 0.00681894 -0.0134881 59.1673
142.659 142.656 142.67 0.00683701 -0.0135175 59.2733
142.934 142.932 142.945 0.0068406 -0.0135246 59.3791
143.209 143.207 143.22 0.00685012 -0.0135478 59.4847
143.484 143.481 143.495 0.00686223 -0.013561 59.5902
143.758 143.756 143.769 0.00687173 -0.0135842 59.6955
144.032 144.03 144.043 0.0068727 -0.0136013 59.8006
144.305 144.303 144.317 0.00688775 -0.0136225 59.9056
144.579 144.576 144.59 0.00689983 -0.0136356 60.0104
144.852 144.849 144.863 0.00691225 -0.0136668 60.115
145.124 145.122 145.135 0.0069158 -0.0136738 60.2194
145.396 145.394 145.408 0.00693081 -0.013695 60.3237
145.668 145.666 145.68 0.0069347 -0.01372 60.4278
145.94 145.938 145.951 0.00693824 -0.013727 60.5318
146.211 146.209 146.222 0.00695062 -0.0137581 60.6355
146.482 146.48 146.493 0.00696264 -0.0137711 60.7392
146.752 146.75 146.764 0.0069691 -0.0137861 60.8426
147.023 147.02 147.034 0.00697851 -0.0138091 60.9459
147.292 147.29 147.304 0.00699345 -0.0138301 61.049
147.562 147.559 147.573 0.0069999 -0.013845 61.1519
147.831 147.829 147.842 0.00701482 -0.013866 61.2547
148.1 148.097 148.111 0.00702125 -0.013881 61.3573
148.368 148.366 148.38 0.00703062 -0.0139039 61.4598
148.636 148.634 148.648 0.00703704 -0.0139187 61.5621
148.904 148.902 148.915 0.00706039 -0.0139457 61.6642
149.171 149.169 149.183 0.00705539 -0.0139465 61.7661
149.438 149.436 149.45 0.00706473 -0.0139694 61.8679
149.705 149.703 149.717 0.00707958 -0.0139903 61.9695
149.972 149.969 149.983 0.00708045 -0.014007 62.071
150.238 150.235 150.249 0.00709235 -0.0140199 62.1723
150.503 150.501 150.515 0.00709614 -0.0140446 62.2734
150.769 150.766 150.78 0.0071139 -0.0140734 62.3744
151.034 151.031 151.045 0.00712026 -0.0140882 62.4752
151.298 151.296 151.31 0.00712661 -0.0141029 62.5759
151.563 151.56 151.574 0.00713296 -0.0141177 62.6764
151.827 151.824 151.838 0.00714775 -0.0141384 62.7767
152.09 152.088 152.102 0.00716252 -0.0141592 62.8769
152.354 152.351 152.365 0.00717178 -0.0141818 62.9769
152.616 152.614 152.628 0.0071781 -0.0141965 63.0767
152.879 152.877 152.891 0.00717598 -0.0142052 63.1764
153.141 153.139 153.153 0.00719622 -0.0142239 63.2759
153.403 153.401 153.415 0.00719995 -0.0142485 63.3753
153.665 153.663 153.677 0.00720625 -0.0142631 63.4745
153.926 153.924 153.938 0.00722096 -0.0142837 63.5735
154.187 154.185 154.199 0.00722725 -0.0142983 63.6724
154.448 154.445 154.46 0.00723645 -0.0143209 63.7711
154.708 154.705 154.72 0.00725662 -0.0143395 63.8697
154.968 154.965 154.98 0.00725739 -0.014356 63.9681
155.227 155.225 155.239 0.00727463 -0.0143667 64.0663
155.487 155.484 155.499 0.00728379 -0.0143892 64.1644
155.745 155.743 155.757 0.00728456 -0.0144056 64.2623
156.004 156.002 156.016 0.00728531 -0.0144221 64.3601
156.262 156.26 156.274 0.00729703 -0.0144347 64.4577
156.52 156.518 156.532 0.00731165 -0.0144552 64.5552
156.778 156.775 156.79 0.00731787 -0.0144696 64.6525
157.035 157.032 157.047 0.00732409 -0.0144841 64.7496
157.292 157.289 157.304 0.00733612 -0.0145144 64.8466
157.548 157.546 157.56 0.00734233 -0.0145288 64.9435
157.804 157.802 157.817 0.00736237 -0.0145473 65.0401
158.06 158.058 158.072 0.00736309 -0.0145636 65.1367
158.316 158.313 158.328 0.00737475 -0.0145761 65.233
158.571 158.569 158.583 0.00738383 -0.0145984 65.3292
158.826 158.823 158.838 0.00738454 -0.0146147 65.4253
159.08 159.078 159.093 0.00739617 -0.0146271 65.5212
159.335 159.332 159.347 0.0074136 -0.0146554 65.6169
159.588 159.586 159.601 0.00741975 -0.0146697 65.7125
159.842 159.839 159.854 0.00741464 -0.0146701 65.808
160.095 160.093 160.107 0.00743204 -0.0146983 65.9032
160.348 160.345 160.36 0.00744653 -0.0147186 65.9984
160.6 160.598 160.613 0.00745266 -0.0147329 66.0934
160.853 160.85 160.865 0.00745878 -0.0147472 66.1882
161.104 161.102 161.117 0.0074678 -0.0147693 66.2829
161.356 161.353 161.368 0.00746557 -0.0147776 66.3774
161.607 161.605 161.619 0.00748836 -0.0148037 66.4717
161.858 161.855 161.87 0.00749735 -0.0148258 66.566
162.108 162.106 162.121 0.00749511 -0.0148341 66.66
162.359 162.356 162.371 0.0075012 -0.0148483 66.7539
162.608 162.606 162.621 0.00751562 -0.0148684 66.8477
162.858 162.855 162.87 0.00753292 -0.0148964 66.9413
163.107 163.105 163.12 0.00753609 -0.0149027 67.0348
163.356 163.353 163.368 0.00754216 -0.0149169 67.1281
163.605 163.602 163.617 0.00755111 -0.0149389 67.2212
163.853 163.85 163.865 0.00756259 -0.0149511 67.3142
164.101 164.098 164.113 0.00756864 -0.0149652 67.4071
164.348 164.345 164.361 0.007583 -0.0149852 67.4998
164.595 164.593 164.608 0.0075836 -0.0150012 67.5924
164.842 164.84 164.855 0.00759252 -0.0150231 67.6848
165.089 165.086 165.101 0.00760143 -0.015045 67.777
165.335 165.332 165.347 0.00761541 -0.0150474 67.8692
165.581 165.578 165.593 0.00762718 -0.0150772 67.9611
165.826 165.824 165.839 0.0076303 -0.0150833 68.053
166.072 166.069 166.084 0.0076363 -0.0150973 68.1446
166.316 166.314 166.329 0.0076423 -0.0151113 68.2361
166.561 166.558 166.574 0.00764287 -0.0151272 68.3275
166.805 166.803 166.818 0.00766544 -0.0151531 68.4187
167.049 167.047 167.062 0.00766601 -0.015169 68.5098
167.293 167.29 167.305 0.00767739 -0.015181 68.6008
167.536 167.533 167.549 0.00768876 -0.015193 68.6916
167.779 167.776 167.792 0.00769219 -0.0152167 68.7822
168.022 168.019 168.034 0.00770643 -0.0152365 68.8727
168.264 168.261 168.277 0.00771237 -0.0152504 68.963
168.506 168.503 168.519 0.00771832 -0.0152643 69.0532
168.747 168.745 168.76 0.00773253 -0.0152841 69.1433
168.989 168.986 169.002 0.00773306 -0.0152999 69.2332
169.23 169.227 169.243 0.00773611 -0.0153059 69.323
169.47 169.468 169.483 0.00775317 -0.0153335 69.4126
169.711 169.708 169.724 0.00776448 -0.0153454 69.5021
169.951 169.948 169.964 0.00775673 -0.0153553 69.5914
170.19 170.188 170.203 0.00777629 -0.0153731 69.6806
170.43 170.427 170.443 0.00778219 -0.0153869 69.7697
170.669 170.666 170.682 0.00778808 -0.0154007 69.8586
170.907 170.905 170.92 0.00780509 -0.0154281 69.9474
171.146 171.143 171.159 0.00780558 -0.0154438 70.036
171.384 171.381 171.397 0.00781684 -0.0154557 70.1245
171.622 171.619 171.635 0.00782271 -0.0154694 70.2128
171.859 171.856 171.872 0.00783682 -0.015489 70.301
172.096 172.093 172.109 0.00784268 -0.0155027 70.389
172.333 172.33 172.346 0.00784029 -0.0155106 70.477
172.569 172.567 172.583 0.00785724 -0.0155379 70.5647
172.806 172.803 172.819 0.00786308 -0.0155516 70.6523
173.041 173.039 173.054 0.00786892 -0.0155653 70.7398
173.277 173.274 173.29 0.00787761 -0.0155867 70.8272
173.512 173.509 173.525 0.00788595 -0.0155907 70.9144
173.747 173.744 173.76 0.00789463 -0.0156121 71.0014
173.981 173.979 173.995 0.00790615 -0.0156413 71.0884
174.216 174.213 174.229 0.00790088 -0.0156412 71.1752
174.45 174.447 174.463 0.00792028 -0.0156588 71.2618
174.683 174.68 174.696 0.00791785 -0.0156666 71.3483
174.916 174.914 174.93 0.00793472 -0.0156938 71.4347
175.149 175.147 175.163 0.00794051 -0.0157073 71.5209
175.382 175.379 175.395 0.00794629 -0.0157209 71.607
175.614 175.611 175.628 0.00796028 -0.0157403 71.6929
175.846 175.843 175.86 0.00795784 -0.015748 71.7787
176.078 176.075 176.091 0.0079636 -0.0157615 71.8644
176.309 176.306 176.323 0.00798864 -0.0157945 71.95
176.54 176.538 176.554 0.00797797 -0.0157963 72.0354
176.771 176.768 176.784 0.00798908 -0.0158079 72.1206
177.001 176.999 177.015 0.00801123 -0.0158331 72.2057
177.232 177.229 177.245 0.00800877 -0.0158407 72.2907
177.461 177.459 177.475 0.0080145 -0.0158542 72.3756
177.691 177.688 177.704 0.00802023 -0.0158676 72.4603
177.92 177.917 177.933 0.00803415 -0.0158869 72.5449
178.149 178.146 178.162 0.00803987 -0.0159003 72.6293
178.377 178.374 178.391 0.00805377 -0.0159196 72.7136
178.605 178.603 178.619 0.00805947 -0.015933 72.7978
178.833 178.831 178.847 0.00806802 -0.0159541 72.8818
179.061 179.058 179.075 0.00807371 -0.0159675 72.9657
179.288 179.285 179.302 0.0080794 -0.0159809 73.0495
179.515 179.512 179.529 0.00808225 -0.0159865 73.1331
179.742 179.739 179.755 0.00809077 -0.0160076 73.2166
179.968 179.965 179.982 0.00809644 -0.0160209 73.2999
180.194 180.191 180.208 0.00811313 -0.0160478 73.3832
180.42 180.417 180.434 0.00812413 -0.0160593 73.4663
180.645 180.642 180.659 0.00813796 -0.0160784 73.5492
180.87 180.868 180.884 0.00813011 -0.0160877 73.632
181.095 181.092 181.109 0.00814109 -0.0160991 73.7147
181.32 181.317 181.333 0.00814957 -0.0161201 73.7973
181.544 181.541 181.558 0.00816054 -0.0161315 73.8797
181.768 181.765 181.781 0.00816333 -0.0161371 73.962
181.991 181.988 182.005 0.00816647 -0.0161599 74.0442
182.214 182.212 182.228 0.00817742 -0.0161712 74.1262
182.437 182.434 182.451 0.00819119 -0.0161903 74.2081
182.66 182.657 182.674 0.00819964 -0.0162112 74.2898
182.882 182.879 182.896 0.00820241 -0.0162167 74.3715
183.104 183.101 183.118 0.00821617 -0.0162357 74.453
183.326 183.323 183.34 0.00820829 -0.0162449 74.5343
183.547 183.544 183.561 0.0082192 -0.0162562 74.6156
183.768 183.765 183.782 0.00823294 -0.0162752 74.6967
183.989 183.986 184.003 0.00824135 -0.016296 74.7776
184.21 184.207 184.224 0.00823878 -0.0163034 74.8585
184.43 184.427 184.444 0.00825498 -0.0163127 74.9392
184.65 184.647 184.664 0.00826337 -0.0163335 75.0198
184.869 184.866 184.883 0.00827176 -0.0163543 75.1003
185.088 185.085 185.102 0.00827449 -0.0163597 75.1806
185.307 185.304 185.321 0.00827225 -0.0163843 75.2608
185.526 185.523 185.54 0.00828841 -0.0163936 75.3408
185.744 185.741 185.758 0.00829395 -0.0164066 75.4208
185.962 185.959 185.976 0.00829667 -0.016412 75.5006
186.18 186.177 186.194 0.00831033 -0.0164309 75.5803
186.397 186.394 186.411 0.00832116 -0.016442 75.6598
186.614 186.612 186.629 0.00832702 -0.0164723 75.7393
186.831 186.828 186.845 0.0083269 -0.0164699 75.8186
187.048 187.045 187.062 0.00833241 -0.0164829 75.8977
187.264 187.261 187.278 0.00835415 -0.0165075 75.9768
187.48 187.477 187.494 0.00835965 -0.0165205 76.0557
187.696 187.693 187.71 0.00835985 -0.0165353 76.1345
187.911 187.908 187.925 0.00837064 -0.0165464 76.2131
188.126 188.123 188.14 0.00837365 -0.0165689 76.2917
188.341 188.338 188.355 0.00838442 -0.01658 76.3701
188.555 188.552 188.569 0.0083899 -0.0165929 76.4484
188.769 188.766 188.783 0.00839537 -0.0166058 76.5265
188.983 188.98 188.997 0.00842234 -0.0166285 76.6045
189.196 189.193 189.211 0.00840349 -0.016624 76.6825
189.41 189.407 189.424 0.00841705 -0.0166427 76.7602
189.622 189.619 189.637 0.00842813 -0.0166709 76.8379
189.835 189.832 189.849 0.00843886 -0.0166819 76.9154
190.047 190.044 190.062 0.00844149 -0.0166871 76.9928
190.259 190.256 190.274 0.00844165 -0.0167018 77.0701
190.471 190.468 190.485 0.00845799 -0.016728 77.1472
190.682 190.68 190.697 0.0084606 -0.0167332 77.2243
190.894 190.891 190.908 0.00846884 -0.0167537 77.3012
191.104 191.101 191.119 0.00847145 -0.0167589 77.378
191.315 191.312 191.329 0.00848742 -0.0167679 77.4546
191.525 191.522 191.54 0.00848755 -0.0167826 77.5312
191.735 191.732 191.75 0.00849295 -0.0167954 77.6076
191.945 191.942 191.959 0.00850116 -0.0168158 77.6839
192.154 192.151 192.169 0.00850656 -0.0168285 77.76
192.363 192.36 192.378 0.00852003 -0.016847 77.8361
192.572 192.569 192.586 0.00851733 -0.016854 77.912
192.78 192.777 192.795 0.00851991 -0.0168591 77.9878
192.989 192.986 193.003 0.0085281 -0.0168795 78.0635
193.196 193.193 193.211 0.00854154 -0.0168979 78.139
193.404 193.401 193.419 0.00854411 -0.016903 78.2145
193.611 193.608 193.626 0.00855754 -0.0169215 78.2898
193.818 193.815 193.833 0.00856289 -0.0169342 78.365
194.025 194.022 194.04 0.00856825 -0.0169468 78.44
194.231 194.228 194.246 0.0085736 -0.0169595 78.515
194.437 194.435 194.452 0.00857894 -0.0169721 78.5898
194.643 194.64 194.658 0.00858954 -0.0169829 78.6645
194.849 194.846 194.864 0.00859488 -0.0169956 78.7391
195.054 195.051 195.069 0.00860021 -0.0170082 78.8136
195.259 195.256 195.274 0.00862164 -0.0170323 78.8879
195.464 195.461 195.478 0.0086217 -0.0170468 78.9622
195.668 195.665 195.683 0.00861617 -0.017046 79.0363
195.872 195.869 195.887 0.00862708 -0.0170738 79.1103
196.076 196.073 196.091 0.00862959 -0.0170788 79.1841
196.28 196.277 196.294 0.00864294 -0.0170971 79.2579
196.483 196.48 196.498 0.00865349 -0.0171078 79.3315
196.686 196.683 196.701 0.00865353 -0.0171222 79.405
196.888 196.885 196.903 0.00866407 -0.0171329 79.4784
197.091 197.088 197.106 0.00867215 -0.017153 79.5517
197.293 197.29 197.308 0.00867463 -0.0171579 79.6249
197.495 197.492 197.509 0.0086827 -0.0171781 79.6979
197.696 197.693 197.711 0.00869322 -0.0171887 79.7708
197.897 197.894 197.912 0.00869848 -0.0172012 79.8436
198.098 198.095 198.113 0.00871178 -0.0172194 79.9163
198.299 198.296 198.314 0.00870097 -0.0172204 79.9889
198.499 198.496 198.514 0.00872228 -0.0172444 80.0614
198.699 198.696 198.714 0.0087195 -0.0172511 80.1337
198.899 198.896 198.914 0.00872999 -0.0172617 80.2059
199.099 199.096 199.114 0.00872999 -0.017276 80.278
199.298 199.295 199.313 0.00874325 -0.0172941 80.35
199.497 199.494 199.512 0.00876174 -0.0173104 80.4219
199.695 199.692 199.71 0.00875092 -0.0173114 80.4937
199.894 199.891 199.909 0.00876416 -0.0173295 80.5653
200.092 200.089 200.107 0.00876136 -0.0173362 80.6368
200.29 200.287 200.305 0.00877459 -0.0173543 80.7083
200.487 200.484 200.502 0.00878503 -0.0173648 80.7796
200.684 200.681 200.7 0.00879023 -0.0173772 80.8507
200.881 200.878 200.896 0.0087902 -0.0173914 80.9218
201.078 201.075 201.093 0.00881142 -0.0174151 80.9928
201.274 201.271 201.29 0.00880059 -0.017416 81.0636
201.471 201.467 201.486 0.00881378 -0.0174341 81.1343
201.666 201.663 201.682 0.00882697 -0.0174521 81.2049
201.862 201.859 201.877 0.00883215 -0.0174644 81.2754
202.057 202.054 202.072 0.00882653 -0.0174634 81.3458
202.252 202.249 202.267 0.0088317 -0.0174757 81.4161
202.447 202.444 202.462 0.00884487 -0.0174937 81.4863
202.641 202.638 202.657 0.00885281 -0.0175136 81.5563
202.836 202.832 202.851 0.00886318 -0.017524 81.6262
203.029 203.026 203.045 0.00886034 -0.0175305 81.6961
203.223 203.22 203.238 0.00887348 -0.0175485 81.7658
203.416 203.413 203.432 0.0088814 -0.0175683 81.8354
203.609 203.606 203.625 0.00887577 -0.0175672 81.9049
203.802 203.799 203.818 0.00888612 -0.0175776 81.9742
203.995 203.992 204.01 0.00889924 -0.0175955 82.0435
204.187 204.184 204.202 0.00890714 -0.0176153 82.1126
204.379 204.376 204.394 0.00890671 -0.0176124 82.1817
204.571 204.567 204.586 0.00891737 -0.0176397 82.2506
204.762 204.759 204.777 0.0089145 -0.0176461 82.3194
204.953 204.95 204.969 0.00893003 -0.0176546 82.3881
205.144 205.141 205.159 0.00893791 -0.0176743 82.4567
205.335 205.331 205.35 0.00893503 -0.0176808 82.5252
205.525 205.522 205.54 0.00894533 -0.0176911 82.5936
205.715 205.712 205.73 0.0089584 -0.0177089 82.6618
205.905 205.901 205.92 0.00896072 -0.0177135 82.73
206.094 206.091 206.11 0.00896857 -0.0177331 82.798
206.283 206.28 206.299 0.00897365 -0.0177452 82.866
206.472 206.469 206.488 0.00897595 -0.0177498 82.9338
206.661 206.658 206.676 0.00898102 -0.0177619 83.0015
206.849 206.846 206.865 0.00898609 -0.017774 83.0691
207.037 207.034 207.053 0.00899392 -0.0177936 83.1366
207.225 207.222 207.241 0.00900418 -0.0178038 83.204
207.413 207.41 207.428 0.00901443 -0.017814 83.2713
207.6 207.597 207.616 0.00901151 -0.0178204 83.3385
207.787 207.784 207.803 0.00902729 -0.0178456 83.4055
207.974 207.971 207.99 0.0090216 -0.0178444 83.4725
208.161 208.157 208.176 0.0090294 -0.017864 83.5393
208.347 208.344 208.362 0.0090424 -0.0178817 83.6061
208.533 208.53 208.548 0.00904466 -0.0178862 83.6727
208.718 208.715 208.734 0.00905245 -0.0179057 83.7392
208.904 208.901 208.92 0.00905747 -0.0179177 83.8056
209.089 209.086 209.105 0.00905972 -0.0179221 83.872
209.274 209.271 209.29 0.00906993 -0.0179323 83.9382
209.459 209.455 209.474 0.00907217 -0.0179367 84.0043
209.643 209.64 209.659 0.00907994 -0.0179562 84.0703
209.827 209.824 209.843 0.00908494 -0.0179681 84.1361
210.011 210.008 210.027 0.00908993 -0.01798 84.2019
210.194 210.191 210.21 0.00909769 -0.0179995 84.2676
210.378 210.374 210.393 0.00909992 -0.0180039 84.3332
210.561 210.558 210.577 0.00911008 -0.018014 84.3986
210.744 210.74 210.759 0.00911506 -0.0180259 84.464
210.926 210.923 210.942 0.00912522 -0.0180359 84.5292
211.108 211.105 211.124 0.00912501 -0.0180497 84.5944
211.29 211.287 211.306 0.00912998 -0.0180615 84.6594
211.472 211.469 211.488 0.00914288 -0.0180791 84.7244
211.653 211.65 211.669 0.00913715 -0.0180778 84.7892
211.835 211.831 211.85 0.00915798 -0.018101 84.8539
212.015 212.012 212.031 0.00915499 -0.0181071 84.9186
212.196 212.193 212.212 0.0091627 -0.0181265 84.9831
212.377 212.373 212.392 0.00916764 -0.0181383 85.0475
212.557 212.553 212.573 0.00917776 -0.0181483 85.1118
212.737 212.733 212.753 0.00917752 -0.0181619 85.176
212.916 212.913 212.932 0.00918762 -0.0181719 85.2401
213.096 213.092 213.112 0.0091898 -0.0181762 85.3041
213.275 213.271 213.291 0.0091999 -0.0181862 85.368
213.453 213.45 213.469 0.00919965 -0.0181998 85.4318
213.632 213.629 213.648 0.00920731 -0.018219 85.4955
213.81 213.807 213.826 0.00920948 -0.0182233 85.5591
213.988 213.985 214.004 0.00922747 -0.0182389 85.6226
214.166 214.163 214.182 0.00922721 -0.0182525 85.686
214.344 214.34 214.36 0.00923211 -0.0182642 85.7493
214.521 214.518 214.537 0.00923942 -0.0182666 85.8125
214.698 214.695 214.714 0.00924706 -0.0182858 85.8756
214.875 214.871 214.891 0.0092492 -0.0182901 85.9385
215.051 215.048 215.067 0.00925958 -0.0183167 86.0014
215.228 215.224 215.244 0.00925897 -0.0183135 86.0642
215.404 215.4 215.42 0.00927176 -0.0183308 86.1269
215.579 215.576 215.595 0.00927147 -0.0183443 86.1894
215.755 215.751 215.771 0.0092815 -0.0183542 86.2519
215.93 215.927 215.946 0.00928637 -0.0183658 86.3143
216.105 216.102 216.121 0.00928332 -0.0183718 86.3766
216.28 216.276 216.296 0.00930124 -0.0183873 86.4387
216.454 216.451 216.47 0.00930094 -0.0184008 86.5008
216.628 216.625 216.645 0.0093082 -0.0184031 86.5628
216.802 216.799 216.819 0.00931579 -0.0184222 86.6247
216.976 216.973 216.992 0.00931274 -0.0184282 86.6864
217.149 217.146 217.166 0.00932547 -0.0184455 86.7481
217.323 217.319 217.339 0.00931967 -0.018444 86.8097
217.496 217.492 217.512 0.0093324 -0.0184612 86.8712
217.668 217.665 217.685 0.00934238 -0.018471 86.9325
217.841 217.837 217.857 0.00934994 -0.01849 86.9938
218.013 218.009 218.029 0.00934413 -0.0184885 87.055
218.185 218.181 218.201 0.00934895 -0.0185 87.1161
218.356 218.353 218.373 0.00936954 -0.0185229 87.1771
218.528 218.524 218.544 0.00937161 -0.018527 87.238
218.699 218.696 218.715 0.0093843 -0.0185442 87.2987
218.87 218.867 218.886 0.00937333 -0.0185444 87.3594
219.041 219.037 219.057 0.00938602 -0.0185616 87.42
219.211 219.208 219.227 0.00938807 -0.0185656 87.4805
219.381 219.378 219.398 0.00940074 -0.0185828 87.5409
219.551 219.548 219.568 0.00941341 -0.0185999 87.6012
219.721 219.717 219.737 0.00941031 -0.0186058 87.6614
219.89 219.887 219.907 0.00941236 -0.0186098 87.7215
220.059 220.056 220.076 0.00941473 -0.0186306 87.7815
220.228 220.225 220.245 0.00942978 -0.0186384 87.8414
220.397 220.394 220.414 0.00942667 -0.0186443 87.9013
220.565 220.562 220.582 0.00943931 -0.0186613 87.961
220.734 220.73 220.75 0.00944134 -0.0186654 88.0206
220.902 220.898 220.918 0.00944883 -0.0186842 88.0801
221.069 221.066 221.086 0.00945358 -0.0186957 88.1396
221.237 221.233 221.253 0.00944773 -0.018694 88.1989
221.404 221.401 221.421 0.00946034 -0.0187111 88.2581
221.571 221.568 221.587 0.00947022 -0.0187207 88.3173
221.738 221.734 221.754 0.00946983 -0.0187339 88.3763
221.904 221.901 221.921 0.0094667 -0.0187397 88.4353
222.07 222.067 222.087 0.00947656 -0.0187493 88.4942
222.236 222.233 222.253 0.00949702 -0.0187719 88.5529
222.402 222.399 222.419 0.00949388 -0.0187776 88.6116
222.568 222.564 222.584 0.00949587 -0.0187816 88.6702
222.733 222.729 222.749 0.00950845 -0.0187986 88.7286
222.898 222.894 222.914 0.00951316 -0.0188099 88.787
223.063 223.059 223.079 0.00951787 -0.0188213 88.8453
223.227 223.224 223.244 0.00952258 -0.0188326 88.9035
223.391 223.388 223.408 0.0095167 -0.0188309 88.9616
223.555 223.552 223.572 0.00953711 -0.0188534 89.0196
223.719 223.716 223.736 0.00953395 -0.0188591 89.0776
223.883 223.879 223.899 0.00954377 -0.0188686 89.1354
224.046 224.043 224.063 0.00954845 -0.0188799 89.1931
224.209 224.206 224.226 0.00954017 -0.0188874 89.2508
224.372 224.369 224.389 0.00955782 -0.0189025 89.3083
224.535 224.531 224.551 0.00955977 -0.0189064 89.3658
224.697 224.693 224.714 0.00956173 -0.0189103 89.4231
224.859 224.856 224.876 0.00957424 -0.0189271 89.4804
225.021 225.017 225.038 0.00958163 -0.0189458 89.5376
225.183 225.179 225.199 0.0095863 -0.0189571 89.5947
225.344 225.341 225.361 0.00958824 -0.0189609 89.6517
225.505 225.502 225.522 0.00959017 -0.0189647 89.7086
225.666 225.663 225.683 0.00959482 -0.0189759 89.7654
225.827 225.823 225.844 0.0096022 -0.0189946 89.8221
225.987 225.984 226.004 0.00960684 -0.0190058 89.8787
226.147 226.144 226.164 0.00961388 -0.0190078 89.9353
226.307 226.304 226.324 0.00962124 -0.0190264 89.9917
226.467 226.464 226.484 0.00962316 -0.0190302 90.0481
226.627 226.623 226.644 0.00962779 -0.0190414 90.1043
226.786 226.782 226.803 0.00963753 -0.0190508 90.1605
226.945 226.941 226.962 0.00964488 -0.0190693 90.2166
227.104 227.1 227.121 0.00964678 -0.0190731 90.2726
227.262 227.259 227.279 0.0096514 -0.0190843 90.3285
227.421 227.417 227.438 0.00965602 -0.0190954 90.3843
227.579 227.575 227.596 0.00965791 -0.0190992 90.44
227.737 227.733 227.754 0.00966524 -0.0191177 90.4956
227.894 227.891 227.911 0.00966713 -0.0191214 90.5512
228.052 228.048 228.069 0.00967684 -0.0191308 90.6066
228.209 228.205 228.226 0.00967633 -0.0191437 90.662
228.366 228.362 228.383 0.00968603 -0.019153 90.7173
228.522 228.519 228.539 0.00968791 -0.0191567 90.7725
228.679 228.675 228.696 0.00969521 -0.0191752 90.8276
228.835 228.832 228.852 0.0096998 -0.0191863 90.8826
228.991 228.988 229.008 0.00970948 -0.0191955 90.9375
229.147 229.143 229.164 0.00971406 -0.0192066 90.9923
229.302 229.299 229.319 0.00971082 -0.0192121 91.0471
229.458 229.454 229.475 0.00971778 -0.019214 91.1017
229.613 229.609 229.63 0.00973016 -0.0192306 91.1563
229.768 229.764 229.785 0.0097242 -0.0192287 91.2108
229.922 229.919 229.939 0.00973419 -0.0192545 91.2652
230.077 230.073 230.094 0.00974113 -0.0192564 91.3195
230.231 230.227 230.248 0.00974059 -0.0192692 91.3737
230.385 230.381 230.402 0.00975024 -0.0192784 91.4278
230.538 230.535 230.556 0.00975479 -0.0192894 91.4819
230.692 230.688 230.709 0.00975934 -0.0193004 91.5358
230.845 230.842 230.862 0.00976897 -0.0193096 91.5897
230.998 230.995 231.015 0.00976571 -0.0193151 91.6435
231.151 231.147 231.168 0.00977295 -0.0193334 91.6972
231.303 231.3 231.321 0.00977478 -0.019337 91.7508
231.456 231.452 231.473 0.0097766 -0.0193406 91.8043
231.608 231.604 231.625 0.00978621 -0.0193498 91.8577
231.76 231.756 231.777 0.00979074 -0.0193608 91.9111
231.911 231.908 231.929 0.00979526 -0.0193717 91.9643
232.063 232.059 232.08 0.00981266 -0.0193864 92.0175
232.214 232.211 232.231 0.00980699 -0.019401 92.0706
232.365 232.361 232.382 0.00981389 -0.0194027 92.1236
232.516 232.512 232.533 0.00981839 -0.0194137 92.1765
232.666 232.663 232.684 0.0098151 -0.019419 92.2294
232.817 232.813 232.834 0.0098196 -0.0194299 92.2821
232.967 232.963 232.984 0.00982919 -0.0194391 92.3348
233.117 233.113 233.134 0.00983097 -0.0194426 92.3874
233.266 233.263 233.284 0.00983817 -0.0194608 92.4399
233.416 233.412 233.433 0.00984774 -0.0194699 92.4923
233.565 233.561 233.582 0.00984714 -0.0194826 92.5446
233.714 233.71 233.731 0.00985671 -0.0194917 92.5969
233.863 233.859 233.88 0.00986118 -0.0195026 92.649
234.011 234.008 234.029 0.00986295 -0.0195061 92.7011
234.159 234.156 234.177 0.00987521 -0.0195225 92.7531
234.308 234.304 234.325 0.00987698 -0.019526 92.805
234.455 234.452 234.473 0.00988414 -0.0195442 92.8568
234.603 234.599 234.621 0.0098859 -0.0195477 92.9086
234.75 234.747 234.768 0.00989544 -0.0195567 92.9602
234.898 234.894 234.915 0.00990259 -0.0195749 93.0118
235.045 235.041 235.062 0.00989656 -0.0195728 93.0633
235.191 235.188 235.209 0.00989831 -0.0195762 93.1147
235.338 235.334 235.355 0.00989768 -0.0195888 93.1661
235.484 235.481 235.502 0.00991498 -0.0196034 93.2173
235.63 235.627 235.648 0.00991672 -0.0196068 93.2685
235.776 235.773 235.794 0.00991608 -0.0196194 93.3195
235.922 235.918 235.94 0.00992559 -0.0196284 93.3705
236.067 236.064 236.085 0.00992732 -0.0196318 93.4215
236.213 236.209 236.23 0.00992937 -0.0196517 93.4723
236.358 236.354 236.375 0.00993617 -0.0196533 93.523
236.502 236.499 236.52 0.00994059 -0.0196641 93.5737
236.647 236.643 236.665 0.00994501 -0.0196748 93.6243
236.791 236.788 236.809 0.0099545 -0.0196838 93.6748
236.936 236.932 236.953 0.00995891 -0.0196945 93.7252
237.08 237.076 237.097 0.00995555 -0.0196997 93.7756
237.223 237.22 237.241 0.0099701 -0.0197068 93.8258
237.367 237.363 237.384 0.0099745 -0.0197176 93.876
237.51 237.506 237.528 0.00997113 -0.0197227 93.9261
237.653 237.65 237.671 0.00997553 -0.0197334 93.9761
237.796 237.792 237.814 0.00998499 -0.0197423 94.0261
237.939 237.935 237.956 0.00998938 -0.019753 94.0759
238.081 238.077 238.099 0.0100015 -0.0197692 94.1257
238.223 238.22 238.241 0.0100059 -0.0197799 94.1754
238.365 238.362 238.383 0.0100025 -0.019785 94.225
238.507 238.504 238.525 0.00999646 -0.0197828 94.2746
238.649 238.645 238.667 0.0100214 -0.0198028 94.324
238.79 238.786 238.808 0.0100207 -0.0198152 94.3734
238.931 238.928 238.949 0.0100275 -0.0198168 94.4227
239.072 239.069 239.09 0.0100163 -0.0198163 94.4719
239.213 239.209 239.231 0.0100207 -0.019827 94.5211
239.354 239.35 239.371 0.010025 -0.0198376 94.5702
239.494 239.49 239.512 0.0100422 -0.019852 94.6191
239.634 239.63 239.652 0.0100388 -0.019857 94.668
239.774 239.77 239.792 0.0100432 -0.0198676 94.7169
239.914 239.91 239.931 0.0100475 -0.0198782 94.7656
240.053 240.049 240.071 0.0100441 -0.0198833 94.8143
240.192 240.189 240.21 0.0100562 -0.0198994 94.8629
240.331 240.328 240.349 0.0100629 -0.0199009 94.9114
240.47 240.467 240.488 0.0100673 -0.0199115 94.9598
240.609 240.605 240.627 0.0100689 -0.0199147 95.0082
240.747 240.744 240.765 0.010081 -0.0199308 95.0565
240.886 240.882 240.903 0.0100853 -0.0199414 95.1047
241.024 241.02 241.042 0.0100869 -0.0199446 95.1528
241.161 241.158 241.179 0.0100939 -0.0199625 95.2008
241.299 241.295 241.317 0.0100956 -0.0199657 95.2488
241.436 241.433 241.454 0.0101026 -0.0199836 95.2967
241.574 241.57 241.592 0.0101042 -0.0199868 95.3445
241.711 241.707 241.729 0.0101058 -0.01999 95.3923
241.847 241.844 241.865 0.0101128 -0.0200078 95.4399
241.984 241.98 242.002 0.0101245 -0.0200075 95.4875
242.12 242.117 242.138 0.0101262 -0.0200107 95.535
242.256 242.253 242.274 0.0101177 -0.0200174 95.5824
242.392 242.389 242.41 0.0101348 -0.0200317 95.6298
242.528 242.524 242.546 0.0101417 -0.0200495 95.6771
242.664 242.66 242.682 0.0101433 -0.0200526 95.7243
242.799 242.795 242.817 0.0101449 -0.0200558 95.7714
242.934 242.931 242.952 0.0101364 -0.0200625 95.8185
243.069 243.065 243.087 0.010138 -0.0200657 95.8654
243.204 243.2 243.222 0.0101605 -0.0200945 95.9123
243.338 243.335 243.357 0.0101567 -0.0200831 95.9591
243.473 243.469 243.491 0.0101636 -0.0201008 96.0059
243.607 243.603 243.625 0.0101807 -0.020115 96.0526
243.741 243.737 243.759 0.0101722 -0.0201217 96.0992
243.875 243.871 243.893 0.0101839 -0.0201213 96.1457
244.008 244.004 244.026 0.0101753 -0.0201279 96.1921
244.141 244.138 244.16 0.0101769 -0.0201311 96.2385
244.275 244.271 244.293 0.0101939 -0.0201452 96.2848
244.407 244.404 244.426 0.0101854 -0.0201519 96.331
244.54 244.537 244.558 0.0101924 -0.0201696 96.3772
244.673 244.669 244.691 0.0101939 -0.0201727 96.4233
244.805 244.801 244.823 0.0101955 -0.0201758 96.4693
244.937 244.933 244.955 0.0102125 -0.0201899 96.5152
245.069 245.065 245.087 0.0102194 -0.0202076 96.561
245.201 245.197 245.219 0.0102156 -0.0201961 96.6068
245.332 245.329 245.351 0.0102125 -0.0202173 96.6525
245.464 245.46 245.482 0.010214 -0.0202204 96.6982
245.595 245.591 245.613 0.0102363 -0.020249 96.7437
245.726 245.722 245.744 0.0102325 -0.0202375 96.7892
245.857 245.853 245.875 0.0102495 -0.0202516 96.8346
245.987 245.983 246.005 0.010241 -0.0202582 96.88
246.117 246.114 246.136 0.0102479 -0.0202758 96.9252
246.248 246.244 246.266 0.0102441 -0.0202643 96.9704
246.377 246.374 246.396 0.010261 -0.0202783 97.0155
246.507 246.503 246.526 0.0102525 -0.0202849 97.0606
246.637 246.633 246.655 0.0102694 -0.020299 97.1056
246.766 246.762 246.784 0.010271 -0.020302 97.1505
246.895 246.892 246.914 0.0102778 -0.0203196 97.1953
247.024 247.021 247.043 0.0102639 -0.0203116 97.2401
247.153 247.149 247.171 0.0102809 -0.0203256 97.2847
247.282 247.278 247.3 0.0102723 -0.0203321 97.3294
247.41 247.406 247.428 0.0102892 -0.0203462 97.3739
247.538 247.534 247.557 0.0102908 -0.0203491 97.4184
247.666 247.662 247.685 0.0102923 -0.0203521 97.4628
247.794 247.79 247.812 0.0102991 -0.0203697 97.5071
247.922 247.918 247.94 0.0103006 -0.0203727 97.5514
248.049 248.045 248.067 0.0103075 -0.0203902 97.5955
248.176 248.172 248.195 0.0103143 -0.0204077 97.6396
248.303 248.3 248.322 0.0103259 -0.0204071 97.6837
248.43 248.426 248.449 0.0103173 -0.0204136 97.7277
248.557 248.553 248.575 0.0103289 -0.020413 97.7716
248.683 248.679 248.702 0.0103257 -0.0204341 97.8154
248.81 248.806 248.828 0.0103271 -0.020437 97.8592
248.936 248.932 248.954 0.0103387 -0.0204364 97.9029
249.061 249.058 249.08 0.0103455 -0.0204539 97.9465
249.187 249.183 249.206 0.010347 -0.0204568 97.99
249.313 249.309 249.331 0.0103384 -0.0204633 98.0335
249.438 249.434 249.457 0.0103553 -0.0204772 98.0769
249.563 249.559 249.582 0.0103568 -0.0204801 98.1203
249.688 249.684 249.707 0.0103582 -0.020483 98.1635
249.813 249.809 249.831 0.0103751 -0.0204969 98.2067
249.937 249.934 249.956 0.0103612 -0.0204888 98.2499
250.062 250.058 250.08 0.0103833 -0.0205173 98.2929
250.186 250.182 250.204 0.0103694 -0.0205092 98.3359
250.31 250.306 250.328 0.0103709 -0.020512 98.3788
250.434 250.43 250.452 0.0103777 -0.0205295 98.4217
250.557 250.553 250.576 0.0103945 -0.0205433 98.4645
250.681 250.677 250.699 0.010396 -0.0205462 98.5072
250.804 250.8 250.823 0.0103874 -0.0205526 98.5498
250.927 250.923 250.946 0.0103888 -0.0205555 98.5924
251.05 251.046 251.069 0.0103956 -0.0205729 98.6349
251.173 251.169 251.191 0.0104124 -0.0205867 98.6774
251.295 251.291 251.314 0.0104038 -0.0205931 98.7197
251.417 251.414 251.436 0.0104153 -0.0205924 98.762
251.539 251.536 251.558 0.0104221 -0.0206097 98.8043
251.661 251.658 251.68 0.0104235 -0.0206126 98.8464
251.783 251.779 251.802 0.0104249 -0.0206154 98.8885
251.905 251.901 251.923 0.0104264 -0.0206182 98.9306
252.026 252.022 252.045 0.0104278 -0.0206211 98.9725
252.147 252.143 252.166 0.0104345 -0.0206384 99.0144
252.268 252.264 252.287 0.0104513 -0.0206522 99.0563
252.389 252.385 252.408 0.0104427 -0.0206585 99.098
252.51 252.506 252.529 0.0104441 -0.0206613 99.1397
252.63 252.626 252.649 0.0104609 -0.0206751 99.1813
252.751 252.747 252.769 0.0104623 -0.0206779 99.2229
252.871 252.867 252.889 0.0104637 -0.0206807 99.2644
252.991 252.987 253.009 0.0104551 -0.020687 99.3058
253.11 253.106 253.129 0.0104565 -0.0206898 99.3472
253.23 253.226 253.249 0.0104733 -0.0207035 99.3885
253.349 253.345 253.368 0.0104647 -0.0207098 99.4297
253.468 253.465 253.487 0.0104714 -0.0207271 99.4709
253.587 253.584 253.606 0.0104881 -0.0207408 99.512
253.706 253.702 253.725 0.0104895 -0.0207436 99.553
253.825 253.821 253.844 0.0104909 -0.0207464 99.594
253.943 253.939 253.962 0.0104923 -0.0207491 99.6349
254.062 254.058 254.08 0.010499 -0.0207663 99.6757
254.18 254.176 254.199 0.0105004 -0.0207691 99.7165
254.298 254.294 254.316 0.0105018 -0.0207718 99.7572
254.415 254.412 254.434 0.0105032 -0.0207746 99.7978
254.533 254.529 254.552 0.0105199 -0.0207882 99.8384
254.65 254.646 254.669 0.0105266 -0.0208054 99.8789
254.767 254.764 254.786 0.0105179 -0.0208117 99.9193
254.885 254.881 254.903 0.0105193 -0.0208144 99.9597
255.276 254.975 254.436 0.0105064 0.281083 100
