40
33
113.477936 122.941101 95.400642 0.594790 0.567970 0.575500
113.414703 123.900490 95.098755 0.594790 0.567970 0.575500
113.292252 124.860695 94.818390 0.594790 0.567970 0.575500
113.117943 125.818245 94.556404 0.594790 0.567970 0.575500
112.898071 126.770920 94.312004 0.594790 0.567970 0.575500
112.622253 127.717819 94.108757 0.594790 0.567970 0.575500
112.280014 128.655869 93.986237 0.594790 0.567970 0.575500
111.888931 129.582870 93.963844 0.594790 0.567970 0.575500
111.493286 130.507965 94.014221 0.594790 0.567970 0.575500
111.138336 131.447723 94.090233 0.594790 0.567970 0.575500
110.825157 132.403595 94.156517 0.594790 0.567970 0.575500
110.511589 133.360825 94.170532 0.594790 0.567970 0.575500
110.198624 134.314316 94.091492 0.594790 0.567970 0.575500
109.939270 135.271973 93.921082 0.594790 0.567970 0.575500
109.723282 136.232559 93.703987 0.594790 0.567970 0.575500
109.476173 137.185211 93.489220 0.594790 0.567970 0.575500
109.168129 138.127045 93.307610 0.594790 0.567970 0.575500
108.832466 139.066986 93.168625 0.594790 0.567970 0.575500
108.487579 140.009781 93.083870 0.594790 0.567970 0.575500
108.125954 140.949905 93.057724 0.594790 0.567970 0.575500
107.763092 141.890213 93.062073 0.594790 0.567970 0.575500
107.433670 142.842667 93.063751 0.594790 0.567970 0.575500
107.134705 143.805603 93.057121 0.594790 0.567970 0.575500
106.808029 144.758713 93.046608 0.594790 0.567970 0.575500
106.418404 145.685944 93.005264 0.594790 0.567970 0.575500
105.959831 146.575134 92.902557 0.594790 0.567970 0.575500
105.445244 147.429749 92.769676 0.594790 0.567970 0.575500
104.945427 148.300446 92.693398 0.594790 0.567970 0.575500
104.479950 149.191025 92.647369 0.594790 0.567970 0.575500
104.106102 150.124908 92.649483 0.594790 0.567970 0.575500
103.844124 151.094986 92.701920 0.594790 0.567970 0.575500
103.676765 152.075897 92.845894 0.594790 0.567970 0.575500
103.570641 153.037033 93.118996 0.594790 0.567970 0.575500
32
114.390663 123.374794 95.990715 0.597230 0.573190 0.578320
114.259338 124.275017 95.561783 0.597230 0.573190 0.578320
114.114288 125.204742 95.201607 0.597230 0.573190 0.578320
113.953072 126.136543 94.853470 0.597230 0.573190 0.578320
113.755371 127.058861 94.500046 0.597230 0.573190 0.578320
113.488510 127.974922 94.182167 0.597230 0.573190 0.578320
113.139679 128.891281 93.962547 0.597230 0.573190 0.578320
112.740997 129.809647 93.871780 0.597230 0.573190 0.578320
112.340294 130.732681 93.894623 0.597230 0.573190 0.578320
111.981514 131.670105 93.978882 0.597230 0.573190 0.578320
111.681114 132.628387 94.062057 0.597230 0.573190 0.578320
111.418373 133.600769 94.091476 0.597230 0.573190 0.578320
111.193573 134.581055 94.037125 0.597230 0.573190 0.578320
111.064377 135.569839 93.906174 0.597230 0.573190 0.578320
111.056801 136.563385 93.740379 0.597230 0.573190 0.578320
111.089523 137.559067 93.582436 0.597230 0.573190 0.578320
111.043289 138.554947 93.442955 0.597230 0.573190 0.578320
110.887970 139.541031 93.304810 0.597230 0.573190 0.578320
110.689735 140.519608 93.162216 0.597230 0.573190 0.578320
110.497665 141.501678 93.037102 0.597230 0.573190 0.578320
110.273277 142.480560 92.957047 0.597230 0.573190 0.578320
109.950493 143.432220 92.913101 0.597230 0.573190 0.578320
109.501450 144.327499 92.847191 0.597230 0.573190 0.578320
108.918526 145.133957 92.728699 0.597230 0.573190 0.578320
108.258667 145.878067 92.584244 0.597230 0.573190 0.578320
107.613106 146.627289 92.408104 0.597230 0.573190 0.578320
106.995399 147.383255 92.170563 0.597230 0.573190 0.578320
106.387550 148.142624 91.917152 0.597230 0.573190 0.578320
105.811790 148.939362 91.710266 0.597230 0.573190 0.578320
105.318985 149.799973 91.550171 0.597230 0.573190 0.578320
105.023895 150.742493 91.348663 0.597230 0.573190 0.578320
104.802315 151.698151 91.129166 0.597230 0.573190 0.578320
13
104.757790 150.622772 82.562149 0.506870 0.564220 0.522830
104.831390 151.161682 83.400803 0.506870 0.564220 0.522830
105.009689 151.586700 84.286514 0.506870 0.564220 0.522830
105.224106 151.772171 85.245804 0.506870 0.564220 0.522830
105.435143 151.858658 86.214508 0.506870 0.564220 0.522830
105.644791 151.753479 87.181458 0.506870 0.564220 0.522830
105.877213 151.458588 88.103027 0.506870 0.564220 0.522830
106.166039 150.975952 88.923302 0.506870 0.564220 0.522830
106.532265 150.347931 89.608299 0.506870 0.564220 0.522830
106.967773 149.657532 90.191536 0.506870 0.564220 0.522830
107.437363 148.962067 90.743401 0.506870 0.564220 0.522830
107.910561 148.271072 91.297737 0.506870 0.564220 0.522830
108.413353 147.578049 91.820923 0.506870 0.564220 0.522830
19
106.767807 139.662033 96.639725 0.522080 0.563790 0.561580
106.508545 140.589172 96.349945 0.522080 0.563790 0.561580
106.377144 141.543243 96.060982 0.522080 0.563790 0.561580
106.343933 142.522919 95.828613 0.522080 0.563790 0.561580
106.367081 143.516281 95.658409 0.522080 0.563790 0.561580
106.430092 144.515396 95.535545 0.522080 0.563790 0.561580
106.472984 145.516998 95.429741 0.522080 0.563790 0.561580
106.358833 146.499695 95.287560 0.522080 0.563790 0.561580
106.023247 147.425156 95.094612 0.522080 0.563790 0.561580
105.580917 148.312912 94.923485 0.522080 0.563790 0.561580
105.156181 149.216980 94.798981 0.522080 0.563790 0.561580
104.821159 150.159973 94.693047 0.522080 0.563790 0.561580
104.599388 151.138702 94.613441 0.522080 0.563790 0.561580
104.499512 152.139435 94.610985 0.522080 0.563790 0.561580
104.551361 153.135880 94.719467 0.522080 0.563790 0.561580
104.792366 154.090149 94.908569 0.522080 0.563790 0.561580
105.339386 154.916016 95.085091 0.522080 0.563790 0.561580
105.965462 155.681122 95.236366 0.522080 0.563790 0.561580
106.729858 156.318680 95.323853 0.522080 0.563790 0.561580
16
107.812080 146.814392 93.984818 0.493100 0.571430 0.547190
107.288216 147.612915 93.671028 0.493100 0.571430 0.547190
106.765755 148.407898 93.345253 0.493100 0.571430 0.547190
106.266129 149.236481 93.073189 0.493100 0.571430 0.547190
105.847221 150.121628 92.846527 0.493100 0.571430 0.547190
105.545639 151.056549 92.630745 0.493100 0.571430 0.547190
105.371277 152.027756 92.433998 0.493100 0.571430 0.547190
105.347084 153.024231 92.319435 0.493100 0.571430 0.547190
105.630684 153.982605 92.452278 0.493100 0.571430 0.547190
106.027611 154.889496 92.591568 0.493100 0.571430 0.547190
106.635361 155.671402 92.719528 0.493100 0.571430 0.547190
107.401512 156.308975 92.787651 0.493100 0.571430 0.547190
108.245537 156.833405 92.712761 0.493100 0.571430 0.547190
109.072075 157.310349 92.429024 0.493100 0.571430 0.547190
109.834412 157.787872 91.991982 0.493100 0.571430 0.547190
110.532738 158.282394 91.472000 0.493100 0.571430 0.547190
39
114.255150 126.104118 96.041466 0.569470 0.573560 0.558900
114.055130 126.968742 95.566719 0.569470 0.573560 0.558900
113.791275 127.839493 95.140602 0.569470 0.573560 0.558900
113.444733 128.731400 94.841820 0.569470 0.573560 0.558900
113.044220 129.642395 94.708969 0.569470 0.573560 0.558900
112.638809 130.562943 94.715996 0.569470 0.573560 0.558900
112.267761 131.494080 94.812164 0.569470 0.573560 0.558900
111.951485 132.442902 94.934677 0.569470 0.573560 0.558900
111.674759 133.408279 95.015228 0.569470 0.573560 0.558900
111.429756 134.384933 95.005920 0.569470 0.573560 0.558900
111.268707 135.372269 94.902908 0.569470 0.573560 0.558900
111.238808 136.365997 94.745773 0.569470 0.573560 0.558900
111.280396 137.360992 94.584480 0.569470 0.573560 0.558900
111.273521 138.357727 94.438614 0.569470 0.573560 0.558900
111.157196 139.348740 94.300743 0.569470 0.573560 0.558900
110.985756 140.333267 94.163696 0.569470 0.573560 0.558900
110.832443 141.322311 94.039604 0.569470 0.573560 0.558900
110.684517 142.315796 93.948761 0.569470 0.573560 0.558900
110.481430 143.301346 93.894508 0.569470 0.573560 0.558900
110.185944 144.262054 93.838982 0.569470 0.573560 0.558900
109.766876 145.163864 93.717278 0.569470 0.573560 0.558900
109.202850 145.961884 93.502594 0.569470 0.573560 0.558900
108.564674 146.686188 93.225281 0.569470 0.573560 0.558900
107.964447 147.407181 92.871140 0.569470 0.573560 0.558900
107.414284 148.135208 92.450989 0.569470 0.573560 0.558900
106.884056 148.884567 92.042892 0.569470 0.573560 0.558900
106.394142 149.685104 91.684967 0.569470 0.573560 0.558900
105.997673 150.542603 91.343384 0.569470 0.573560 0.558900
105.720673 151.430634 90.963860 0.569470 0.573560 0.558900
105.562225 152.310425 90.507149 0.569470 0.573560 0.558900
105.524506 153.115463 89.920723 0.569470 0.573560 0.558900
105.579773 153.754364 89.160583 0.569470 0.573560 0.558900
105.678261 154.198486 88.268074 0.569470 0.573560 0.558900
105.802200 154.629211 87.372749 0.569470 0.573560 0.558900
105.996468 155.058731 86.490280 0.569470 0.573560 0.558900
106.282516 155.528488 85.654884 0.569470 0.573560 0.558900
106.627914 156.065063 84.883186 0.569470 0.573560 0.558900
106.986809 156.677200 84.175278 0.569470 0.573560 0.558900
107.346420 157.346298 83.519356 0.569470 0.573560 0.558900
19
108.469009 126.847755 91.664131 0.694370 0.567100 0.601930
109.342300 126.540649 91.283844 0.694370 0.567100 0.601930
110.229385 126.191208 90.984970 0.694370 0.567100 0.601930
111.108223 125.743790 90.836716 0.694370 0.567100 0.601930
111.922829 125.171089 90.864540 0.694370 0.567100 0.601930
112.644287 124.488617 91.000885 0.694370 0.567100 0.601930
113.212585 123.685135 91.146088 0.694370 0.567100 0.601930
113.523659 122.754654 91.285553 0.694370 0.567100 0.601930
113.652802 121.762970 91.415337 0.694370 0.567100 0.601930
113.806908 120.770920 91.498161 0.694370 0.567100 0.601930
114.078323 119.803177 91.526642 0.694370 0.567100 0.601930
114.473495 118.878082 91.548447 0.694370 0.567100 0.601930
114.914818 117.976662 91.626114 0.694370 0.567100 0.601930
115.312630 117.063980 91.771492 0.694370 0.567100 0.601930
115.613213 116.122528 91.960831 0.694370 0.567100 0.601930
115.781433 115.150993 92.157768 0.694370 0.567100 0.601930
115.833778 114.158043 92.321838 0.694370 0.567100 0.601930
115.823189 113.157730 92.450867 0.694370 0.567100 0.601930
115.790016 112.157600 92.579369 0.694370 0.567100 0.601930
30
112.722527 123.238800 95.805206 0.598800 0.564090 0.577820
112.629921 124.191437 95.491661 0.598800 0.564090 0.577820
112.476929 125.152481 95.230507 0.598800 0.564090 0.577820
112.275360 126.115562 95.011948 0.598800 0.564090 0.577820
112.034180 127.079216 94.842888 0.598800 0.564090 0.577820
111.745644 128.039383 94.752464 0.598800 0.564090 0.577820
111.402374 128.985809 94.752327 0.598800 0.564090 0.577820
111.029846 129.920303 94.811134 0.598800 0.564090 0.577820
110.673744 130.859863 94.888397 0.598800 0.564090 0.577820
110.338440 131.807526 94.963791 0.598800 0.564090 0.577820
109.970390 132.743652 95.006104 0.598800 0.564090 0.577820
109.547424 133.654510 94.957596 0.598800 0.564090 0.577820
109.138741 134.561218 94.807426 0.598800 0.564090 0.577820
108.789337 135.484283 94.606186 0.598800 0.564090 0.577820
108.422188 136.399918 94.401299 0.598800 0.564090 0.577820
108.038582 137.309814 94.202446 0.598800 0.564090 0.577820
107.636940 138.213028 94.008438 0.598800 0.564090 0.577820
107.239090 139.117371 93.811775 0.598800 0.564090 0.577820
106.855713 140.029633 93.623009 0.598800 0.564090 0.577820
106.506958 140.960770 93.461700 0.598800 0.564090 0.577820
106.204353 141.915085 93.348587 0.598800 0.564090 0.577820
105.911499 142.877823 93.299438 0.598800 0.564090 0.577820
105.562439 143.821716 93.309143 0.598800 0.564090 0.577820
105.129044 144.729904 93.336227 0.598800 0.564090 0.577820
104.616051 145.595108 93.344368 0.598800 0.564090 0.577820
104.030006 146.411911 93.356812 0.598800 0.564090 0.577820
103.389519 147.181335 93.431564 0.598800 0.564090 0.577820
102.707611 147.889923 93.620911 0.598800 0.564090 0.577820
101.997856 148.532440 93.918159 0.598800 0.564090 0.577820
101.285873 149.142914 94.274452 0.598800 0.564090 0.577820
38
112.879646 127.182472 96.120872 0.557590 0.570950 0.566850
112.562996 128.115143 95.925438 0.557590 0.570950 0.566850
112.179008 129.042236 95.862106 0.557590 0.570950 0.566850
111.767227 129.961273 95.884438 0.557590 0.570950 0.566850
111.368416 130.884323 95.946617 0.557590 0.570950 0.566850
110.995476 131.815720 96.039963 0.557590 0.570950 0.566850
110.604034 132.738876 96.133064 0.557590 0.570950 0.566850
110.129623 133.620331 96.123039 0.557590 0.570950 0.566850
109.626335 134.475204 95.963982 0.557590 0.570950 0.566850
109.222343 135.368088 95.746803 0.557590 0.570950 0.566850
108.905212 136.297684 95.521667 0.557590 0.570950 0.566850
108.586227 137.227890 95.302292 0.557590 0.570950 0.566850
108.255569 138.157333 95.096626 0.557590 0.570950 0.566850
107.965942 139.107910 94.926949 0.557590 0.570950 0.566850
107.692604 140.065399 94.770180 0.557590 0.570950 0.566850
107.462151 141.037491 94.635101 0.557590 0.570950 0.566850
107.290695 142.023407 94.513016 0.557590 0.570950 0.566850
107.188232 143.019730 94.397118 0.557590 0.570950 0.566850
107.132271 144.021423 94.290611 0.557590 0.570950 0.566850
107.041023 145.020767 94.197304 0.557590 0.570950 0.566850
106.826576 145.995239 94.080383 0.557590 0.570950 0.566850
106.470703 146.916412 93.898224 0.557590 0.570950 0.566850
106.019524 147.790176 93.684959 0.557590 0.570950 0.566850
105.548080 148.660294 93.501976 0.557590 0.570950 0.566850
105.131111 149.564651 93.358948 0.557590 0.570950 0.566850
104.817108 150.512192 93.233429 0.557590 0.570950 0.566850
104.621170 151.494293 93.132660 0.557590 0.570950 0.566850
104.544029 152.496780 93.100250 0.557590 0.570950 0.566850
104.601265 153.497498 93.170296 0.557590 0.570950 0.566850
104.836868 154.462448 93.309601 0.557590 0.570950 0.566850
105.289162 155.345718 93.418434 0.557590 0.570950 0.566850
105.917145 156.123489 93.479103 0.557590 0.570950 0.566850
106.657600 156.797470 93.513016 0.557590 0.570950 0.566850
107.457214 157.394211 93.451591 0.557590 0.570950 0.566850
108.244209 157.962402 93.220024 0.557590 0.570950 0.566850
108.972237 158.536530 92.843544 0.557590 0.570950 0.566850
109.635292 159.131104 92.383896 0.557590 0.570950 0.566850
110.243141 159.749481 91.879761 0.557590 0.570950 0.566850
41
114.444160 126.179253 95.686752 0.572510 0.570410 0.550660
114.246620 127.039024 95.202179 0.572510 0.570410 0.550660
113.991234 127.902832 94.756973 0.572510 0.570410 0.550660
113.653145 128.788666 94.431122 0.572510 0.570410 0.550660
113.258247 129.697205 94.270271 0.572510 0.570410 0.550660
112.855347 130.618179 94.261665 0.572510 0.570410 0.550660
112.483185 131.549011 94.355804 0.572510 0.570410 0.550660
112.164864 132.497269 94.476967 0.572510 0.570410 0.550660
111.896713 133.465469 94.549713 0.572510 0.570410 0.550660
111.677727 134.448547 94.536644 0.572510 0.570410 0.550660
111.554962 135.443069 94.448151 0.572510 0.570410 0.550660
111.560638 136.442123 94.321251 0.572510 0.570410 0.550660
111.618843 137.440994 94.191895 0.572510 0.570410 0.550660
111.606842 138.440216 94.067009 0.572510 0.570410 0.550660
111.474625 139.430099 93.937187 0.572510 0.570410 0.550660
111.279953 140.409927 93.798248 0.572510 0.570410 0.550660
111.097679 141.393143 93.667854 0.572510 0.570410 0.550660
110.920906 142.381638 93.576042 0.572510 0.570410 0.550660
110.695229 143.362640 93.527809 0.572510 0.570410 0.550660
110.392601 144.321640 93.474106 0.572510 0.570410 0.550660
109.992058 145.229782 93.334427 0.572510 0.570410 0.550660
109.461273 146.034851 93.075203 0.572510 0.570410 0.550660
108.831093 146.745102 92.748817 0.572510 0.570410 0.550660
108.225281 147.440948 92.357231 0.572510 0.570410 0.550660
107.712364 148.143967 91.855522 0.572510 0.570410 0.550660
107.201912 148.855621 91.363548 0.572510 0.570410 0.550660
106.711975 149.596710 90.894630 0.572510 0.570410 0.550660
106.286407 150.374268 90.422462 0.572510 0.570410 0.550660
105.961037 151.148605 89.875145 0.572510 0.570410 0.550660
105.735886 151.838577 89.189461 0.572510 0.570410 0.550660
105.592758 152.374786 88.361702 0.572510 0.570410 0.550660
105.495697 152.754456 87.443520 0.572510 0.570410 0.550660
105.406685 152.992966 86.478355 0.572510 0.570410 0.550660
105.279205 153.054947 85.493744 0.572510 0.570410 0.550660
105.028069 152.865204 84.557480 0.572510 0.570410 0.550660
104.682510 152.472443 83.707626 0.572510 0.570410 0.550660
104.361221 151.970688 82.903488 0.572510 0.570410 0.550660
104.114876 151.403503 82.115280 0.572510 0.570410 0.550660
103.926239 150.802979 81.334290 0.572510 0.570410 0.550660
103.751274 150.196121 80.554741 0.572510 0.570410 0.550660
103.562263 149.600052 79.770378 0.572510 0.570410 0.550660
20
112.256737 122.533623 95.467003 0.625510 0.564550 0.589270
112.183052 123.512077 95.234451 0.625510 0.564550 0.589270
112.060425 124.486084 95.005791 0.625510 0.564550 0.589270
111.880119 125.455727 94.797775 0.625510 0.564550 0.589270
111.659950 126.425247 94.631775 0.625510 0.564550 0.589270
111.398506 127.397896 94.580353 0.625510 0.564550 0.589270
111.109741 128.362488 94.574989 0.625510 0.564550 0.589270
110.777664 129.311340 94.643021 0.625510 0.564550 0.589270
110.438835 130.256149 94.735512 0.625510 0.564550 0.589270
110.118919 131.208206 94.821793 0.625510 0.564550 0.589270
109.777534 132.153702 94.888054 0.625510 0.564550 0.589270
109.359886 133.067795 94.888016 0.625510 0.564550 0.589270
108.901222 133.957306 94.787209 0.625510 0.564550 0.589270
108.468910 134.851883 94.623711 0.625510 0.564550 0.589270
108.047798 135.750870 94.453819 0.625510 0.564550 0.589270
107.591324 136.636597 94.310486 0.625510 0.564550 0.589270
107.102905 137.508072 94.185326 0.625510 0.564550 0.589270
106.602188 138.368240 94.036133 0.625510 0.564550 0.589270
106.095299 139.215759 93.843018 0.625510 0.564550 0.589270
105.592903 140.059937 93.624336 0.625510 0.564550 0.589270
17
113.543800 128.621429 95.782066 0.600480 0.577160 0.594070
113.123215 129.517059 95.629875 0.600480 0.577160 0.594070
112.704506 130.431137 95.647095 0.600480 0.577160 0.594070
112.320229 131.353821 95.765625 0.600480 0.577160 0.594070
111.988701 132.286942 95.948631 0.600480 0.577160 0.594070
111.690567 133.229187 96.146400 0.600480 0.577160 0.594070
111.392273 134.180984 96.256271 0.600480 0.577160 0.594070
111.129974 135.147079 96.187386 0.600480 0.577160 0.594070
111.000320 136.125443 96.001053 0.600480 0.577160 0.594070
110.988579 137.110550 95.786888 0.600480 0.577160 0.594070
110.976364 138.098740 95.588158 0.600480 0.577160 0.594070
110.821487 139.084259 95.439087 0.600480 0.577160 0.594070
110.666908 140.072006 95.305756 0.600480 0.577160 0.594070
110.538017 141.066727 95.201485 0.600480 0.577160 0.594070
110.432236 142.066757 95.119957 0.600480 0.577160 0.594070
110.287277 143.062592 95.059959 0.600480 0.577160 0.594070
110.047478 144.038956 95.006416 0.600480 0.577160 0.594070
11
112.371063 134.362808 95.476418 0.579440 0.579750 0.589460
112.215767 135.357681 95.473717 0.579440 0.579750 0.589460
112.171005 136.362610 95.420204 0.579440 0.579750 0.589460
112.193848 137.368622 95.346321 0.579440 0.579750 0.589460
112.180931 138.372589 95.257065 0.579440 0.579750 0.589460
112.063087 139.367355 95.154785 0.579440 0.579750 0.589460
111.866875 140.350662 95.046547 0.579440 0.579750 0.589460
111.674316 141.335800 94.950279 0.579440 0.579750 0.589460
111.506638 142.330154 94.919365 0.579440 0.579750 0.589460
111.321815 143.321472 94.909103 0.579440 0.579750 0.589460
111.110550 144.307739 94.915825 0.579440 0.579750 0.589460
10
113.173927 137.275391 93.147018 0.570060 0.582330 0.577740
113.151222 138.280411 93.066566 0.570060 0.582330 0.577740
113.044418 139.277634 92.971985 0.570060 0.582330 0.577740
112.820740 140.254715 92.881973 0.570060 0.582330 0.577740
112.502602 141.208160 92.810493 0.570060 0.582330 0.577740
112.156502 142.153946 92.780128 0.570060 0.582330 0.577740
111.810791 143.100296 92.803360 0.570060 0.582330 0.577740
111.478996 144.051682 92.821640 0.570060 0.582330 0.577740
111.258629 145.014862 92.620636 0.570060 0.582330 0.577740
111.101868 145.954727 92.316147 0.570060 0.582330 0.577740
12
113.682747 109.665642 89.960922 0.781440 0.554880 0.621260
113.562202 108.686371 90.167015 0.781440 0.554880 0.621260
113.463379 107.692871 90.307159 0.781440 0.554880 0.621260
113.419022 106.689293 90.385956 0.781440 0.554880 0.621260
113.450508 105.682037 90.401711 0.781440 0.554880 0.621260
113.528618 104.677277 90.359337 0.781440 0.554880 0.621260
113.609978 103.675949 90.268593 0.781440 0.554880 0.621260
113.680809 102.678711 90.134621 0.781440 0.554880 0.621260
113.765930 101.687103 89.971107 0.781440 0.554880 0.621260
113.898384 100.701118 89.807251 0.781440 0.554880 0.621260
114.099693 99.720032 89.687744 0.781440 0.554880 0.621260
114.301224 98.738113 89.575874 0.781440 0.554880 0.621260
12
114.035858 107.745087 92.705910 0.731130 0.564240 0.615820
114.081024 108.749275 92.618515 0.731130 0.564240 0.615820
114.107162 109.752380 92.514999 0.731130 0.564240 0.615820
114.104843 110.754677 92.399261 0.731130 0.564240 0.615820
114.170090 111.752541 92.265434 0.731130 0.564240 0.615820
114.278824 112.745094 92.128258 0.731130 0.564240 0.615820
114.408813 113.733849 91.977959 0.731130 0.564240 0.615820
114.447670 114.725143 91.810257 0.731130 0.564240 0.615820
114.306458 115.704063 91.645821 0.731130 0.564240 0.615820
113.981613 116.646576 91.527321 0.731130 0.564240 0.615820
113.503532 117.526413 91.502823 0.731130 0.564240 0.615820
112.892143 118.312332 91.602493 0.731130 0.564240 0.615820
10
116.330803 113.918907 93.185532 0.706880 0.575600 0.614380
116.290436 114.917000 93.050079 0.706880 0.575600 0.614380
116.200523 115.896667 92.834137 0.706880 0.575600 0.614380
116.016815 116.848320 92.563911 0.706880 0.575600 0.614380
115.727013 117.777222 92.307289 0.706880 0.575600 0.614380
115.371216 118.698456 92.111305 0.706880 0.575600 0.614380
115.018646 119.632774 91.980331 0.706880 0.575600 0.614380
114.758301 120.598137 91.868568 0.706880 0.575600 0.614380
114.675880 121.584480 91.674065 0.706880 0.575600 0.614380
114.598526 122.569077 91.469353 0.706880 0.575600 0.614380
18
114.953598 118.844276 95.277596 0.654810 0.574830 0.600660
114.710258 119.815544 95.172157 0.654810 0.574830 0.600660
114.591400 120.804787 95.037117 0.654810 0.574830 0.600660
114.565636 121.784889 94.806717 0.654810 0.574830 0.600660
114.542633 122.751053 94.519768 0.654810 0.574830 0.600660
114.433411 123.715240 94.245644 0.654810 0.574830 0.600660
114.301147 124.673782 93.963493 0.654810 0.574830 0.600660
114.136780 125.620270 93.658752 0.654810 0.574830 0.600660
113.953094 126.555649 93.331779 0.654810 0.574830 0.600660
113.728935 127.484184 93.012436 0.654810 0.574830 0.600660
113.430176 128.406662 92.743767 0.654810 0.574830 0.600660
113.054688 129.321503 92.559326 0.654810 0.574830 0.600660
112.631935 130.230911 92.485565 0.654810 0.574830 0.600660
112.210983 131.144852 92.514488 0.654810 0.574830 0.600660
111.839439 132.078461 92.584030 0.654810 0.574830 0.600660
111.521004 133.033173 92.636787 0.654810 0.574830 0.600660
111.229004 133.997665 92.637566 0.654810 0.574830 0.600660
110.972237 134.968277 92.560059 0.654810 0.574830 0.600660
20
114.563316 126.857704 95.573486 0.606730 0.578900 0.591380
114.287300 127.683075 95.068657 0.606730 0.578900 0.591380
113.968590 128.531311 94.639969 0.606730 0.578900 0.591380
113.581482 129.421707 94.390167 0.606730 0.578900 0.591380
113.174171 130.337112 94.322311 0.606730 0.578900 0.591380
112.786308 131.262848 94.392586 0.606730 0.578900 0.591380
112.443588 132.200150 94.530014 0.606730 0.578900 0.591380
112.153740 133.157837 94.644493 0.606730 0.578900 0.591380
111.915253 134.135880 94.673714 0.606730 0.578900 0.591380
111.758301 135.128754 94.619087 0.606730 0.578900 0.591380
111.728661 136.129395 94.515205 0.606730 0.578900 0.591380
111.781639 137.130203 94.399460 0.606730 0.578900 0.591380
111.800659 138.131119 94.282440 0.606730 0.578900 0.591380
111.704765 139.125595 94.160553 0.606730 0.578900 0.591380
111.516815 140.107468 94.029007 0.606730 0.578900 0.591380
111.322594 141.088303 93.897652 0.606730 0.578900 0.591380
111.146652 142.076111 93.796326 0.606730 0.578900 0.591380
110.947510 143.062881 93.742615 0.606730 0.578900 0.591380
110.692879 144.037491 93.705482 0.606730 0.578900 0.591380
110.379593 144.988419 93.605843 0.606730 0.578900 0.591380
10
122.218903 106.343353 90.018097 0.815450 0.586850 0.651100
122.360603 105.352615 89.896652 0.815450 0.586850 0.651100
122.543373 104.378090 89.716835 0.815450 0.586850 0.651100
122.764946 103.422272 89.486450 0.815450 0.586850 0.651100
122.994720 102.475220 89.228783 0.815450 0.586850 0.651100
123.204300 101.521889 88.977409 0.815450 0.586850 0.651100
123.383263 100.553650 88.761826 0.815450 0.586850 0.651100
123.508179 99.563904 88.612152 0.815450 0.586850 0.651100
123.604141 98.572678 88.453949 0.815450 0.586850 0.651100
123.638283 97.584930 88.257263 0.815450 0.586850 0.651100
18
122.098091 118.479012 92.681320 0.762040 0.597000 0.648260
122.046082 117.483116 92.830544 0.762040 0.597000 0.648260
121.962875 116.483032 92.929771 0.762040 0.597000 0.648260
121.896095 115.477638 92.967186 0.762040 0.597000 0.648260
121.883713 114.469124 92.968903 0.762040 0.597000 0.648260
121.916100 113.460670 92.975380 0.762040 0.597000 0.648260
121.959694 112.452805 92.998154 0.762040 0.597000 0.648260
122.007080 111.445633 93.037155 0.762040 0.597000 0.648260
122.091789 110.441635 93.080879 0.762040 0.597000 0.648260
122.245033 109.445709 93.091667 0.762040 0.597000 0.648260
122.439659 108.458458 93.033264 0.762040 0.597000 0.648260
122.625282 107.474335 92.915260 0.762040 0.597000 0.648260
122.794853 106.491432 92.765663 0.762040 0.597000 0.648260
122.987968 105.519348 92.582985 0.762040 0.597000 0.648260
123.239845 104.571686 92.353287 0.762040 0.597000 0.648260
123.532181 103.646652 92.080750 0.762040 0.597000 0.648260
123.822960 102.718102 91.818687 0.762040 0.597000 0.648260
124.116760 101.782219 91.588150 0.762040 0.597000 0.648260
26
124.027786 125.284317 91.524300 0.747650 0.602470 0.640890
123.607056 124.371780 91.587097 0.747650 0.602470 0.640890
123.246696 123.433975 91.660446 0.747650 0.602470 0.640890
122.950874 122.477623 91.768936 0.747650 0.602470 0.640890
122.731056 121.504875 91.913597 0.747650 0.602470 0.640890
122.609825 120.520302 92.082008 0.747650 0.602470 0.640890
122.594383 119.529022 92.264717 0.747650 0.602470 0.640890
122.596245 118.533348 92.423920 0.747650 0.602470 0.640890
122.546623 117.532242 92.532249 0.747650 0.602470 0.640890
122.456268 116.529343 92.590340 0.747650 0.602470 0.640890
122.374428 115.524117 92.604134 0.747650 0.602470 0.640890
122.340515 114.516022 92.597275 0.747650 0.602470 0.640890
122.346970 113.507019 92.597939 0.747650 0.602470 0.640890
122.365303 112.498215 92.613358 0.747650 0.602470 0.640890
122.398033 111.490257 92.644531 0.747650 0.602470 0.640890
122.486153 110.486511 92.677155 0.747650 0.602470 0.640890
122.654327 109.493439 92.664993 0.747650 0.602470 0.640890
122.864197 108.512100 92.572784 0.747650 0.602470 0.640890
123.062660 107.535591 92.418976 0.747650 0.602470 0.640890
123.247108 106.561279 92.235497 0.747650 0.602470 0.640890
123.468498 105.603523 92.011436 0.747650 0.602470 0.640890
123.700813 104.652977 91.769951 0.747650 0.602470 0.640890
123.937332 103.709854 91.504425 0.747650 0.602470 0.640890
124.171387 102.766930 91.235878 0.747650 0.602470 0.640890
124.420494 101.823807 90.982460 0.747650 0.602470 0.640890
124.688400 100.877159 90.764168 0.747650 0.602470 0.640890
24
123.868073 130.246307 92.014633 0.715470 0.609340 0.639990
123.945892 129.255295 92.171684 0.715470 0.609340 0.639990
123.879936 128.267426 92.352432 0.715470 0.609340 0.639990
123.713310 127.298630 92.573158 0.715470 0.609340 0.639990
123.536552 126.342369 92.837486 0.715470 0.609340 0.639990
123.438026 125.378838 93.111801 0.715470 0.609340 0.639990
123.419678 124.401978 93.360184 0.715470 0.609340 0.639990
123.420555 123.417534 93.579643 0.715470 0.609340 0.639990
123.414955 122.430618 93.788147 0.715470 0.609340 0.639990
123.420006 121.443588 93.995735 0.715470 0.609340 0.639990
123.457741 120.455086 94.192032 0.715470 0.609340 0.639990
123.518044 119.461494 94.354210 0.715470 0.609340 0.639990
123.558014 118.460602 94.471046 0.715470 0.609340 0.639990
123.542953 117.455841 94.556404 0.715470 0.609340 0.639990
123.483948 116.450638 94.619064 0.715470 0.609340 0.639990
123.421722 115.444221 94.650948 0.715470 0.609340 0.639990
123.380997 114.436111 94.651443 0.715470 0.609340 0.639990
123.354797 113.427444 94.637360 0.715470 0.609340 0.639990
123.333168 112.418716 94.639206 0.715470 0.609340 0.639990
123.333488 111.410866 94.679932 0.715470 0.609340 0.639990
123.393051 110.405853 94.731804 0.715470 0.609340 0.639990
123.587135 109.421684 94.626053 0.715470 0.609340 0.639990
123.796066 108.449036 94.469727 0.715470 0.609340 0.639990
124.027184 107.493195 94.248299 0.715470 0.609340 0.639990
21
125.294701 98.914894 89.286110 0.773090 0.599040 0.647310
125.047348 99.858711 89.538818 0.773090 0.599040 0.647310
124.786766 100.800072 89.787453 0.773090 0.599040 0.647310
124.535797 101.738960 90.054131 0.773090 0.599040 0.647310
124.314842 102.682213 90.331955 0.773090 0.599040 0.647310
124.117294 103.631821 90.606514 0.773090 0.599040 0.647310
123.922546 104.585960 90.867241 0.773090 0.599040 0.647310
123.722977 105.545654 91.102753 0.773090 0.599040 0.647310
123.531731 106.514000 91.308487 0.773090 0.599040 0.647310
123.350227 107.488945 91.491684 0.773090 0.599040 0.647310
123.152802 108.464745 91.651367 0.773090 0.599040 0.647310
122.932159 109.442078 91.761147 0.773090 0.599040 0.647310
122.739296 110.430237 91.800629 0.773090 0.599040 0.647310
122.692734 111.438148 91.786324 0.773090 0.599040 0.647310
122.677139 112.446579 91.773529 0.773090 0.599040 0.647310
122.702232 113.455315 91.767578 0.773090 0.599040 0.647310
122.748550 114.463188 91.776093 0.773090 0.599040 0.647310
122.833984 115.467819 91.804138 0.773090 0.599040 0.647310
122.967178 116.467117 91.837952 0.773090 0.599040 0.647310
123.119270 117.464226 91.856659 0.773090 0.599040 0.647310
123.256371 118.463463 91.844391 0.773090 0.599040 0.647310
18
122.554543 112.930252 96.678947 0.698830 0.608810 0.640180
122.574760 113.939079 96.669167 0.698830 0.608810 0.640180
122.617310 114.943474 96.601219 0.698830 0.608810 0.640180
122.714958 115.930367 96.427345 0.698830 0.608810 0.640180
122.862946 116.897530 96.184479 0.698830 0.608810 0.640180
123.005089 117.867332 95.949135 0.698830 0.608810 0.640180
123.064537 118.856804 95.774429 0.698830 0.608810 0.640180
123.031143 119.854904 95.635208 0.698830 0.608810 0.640180
122.962219 120.848129 95.473915 0.698830 0.608810 0.640180
122.916016 121.830910 95.251686 0.698830 0.608810 0.640180
122.869904 122.810562 95.016640 0.698830 0.608810 0.640180
122.812416 123.783302 94.757423 0.698830 0.608810 0.640180
122.741241 124.747627 94.471939 0.698830 0.608810 0.640180
122.705322 125.703453 94.155861 0.698830 0.608810 0.640180
122.776512 126.645844 93.812325 0.698830 0.608810 0.640180
122.929451 127.578568 93.462952 0.698830 0.608810 0.640180
123.035973 128.523361 93.134201 0.698830 0.608810 0.640180
122.984802 129.483017 92.846230 0.698830 0.608810 0.640180
11
123.618439 120.680473 96.423584 0.675850 0.614430 0.638590
123.544853 121.665924 96.223694 0.675850 0.614430 0.638590
123.490005 122.645859 95.991432 0.675850 0.614430 0.638590
123.427452 123.622658 95.748573 0.675850 0.614430 0.638590
123.348351 124.586624 95.463539 0.675850 0.614430 0.638590
123.296371 125.542336 95.149414 0.675850 0.614430 0.638590
123.325172 126.481094 94.787987 0.675850 0.614430 0.638590
123.422325 127.410934 94.412178 0.675850 0.614430 0.638590
123.488235 128.349777 94.055046 0.675850 0.614430 0.638590
123.433083 129.301193 93.735611 0.675850 0.614430 0.638590
123.236786 130.251831 93.473633 0.675850 0.614430 0.638590
12
123.238007 144.536255 91.570404 0.543710 0.629510 0.588020
123.553856 145.489197 91.478020 0.543710 0.629510 0.588020
123.927193 146.415665 91.362709 0.543710 0.629510 0.588020
124.381439 147.299713 91.202950 0.543710 0.629510 0.588020
124.777969 148.198196 90.994438 0.543710 0.629510 0.588020
125.009880 149.137497 90.727814 0.543710 0.629510 0.588020
125.112404 150.081497 90.393906 0.543710 0.629510 0.588020
125.184296 150.991699 89.972221 0.543710 0.629510 0.588020
125.284454 151.837891 89.441811 0.543710 0.629510 0.588020
125.394814 152.602844 88.802750 0.543710 0.629510 0.588020
125.470383 153.282806 88.071472 0.543710 0.629510 0.588020
125.503685 153.879364 87.267967 0.543710 0.629510 0.588020
12
126.294662 148.166794 95.237091 0.511330 0.638160 0.603520
126.485634 149.116791 94.960754 0.511330 0.638160 0.603520
126.632370 150.064087 94.649834 0.511330 0.638160 0.603520
126.737610 151.010635 94.320175 0.511330 0.638160 0.603520
126.762932 151.957764 93.980583 0.511330 0.638160 0.603520
126.597534 152.879883 93.635361 0.511330 0.638160 0.603520
126.213829 153.747025 93.311996 0.511330 0.638160 0.603520
125.714577 154.568146 93.015587 0.511330 0.638160 0.603520
125.173035 155.356079 92.705307 0.511330 0.638160 0.603520
124.591187 156.107285 92.379463 0.511330 0.638160 0.603520
123.967384 156.839874 92.092842 0.511330 0.638160 0.603520
123.323097 157.593613 91.927849 0.511330 0.638160 0.603520
19
123.212090 109.577972 89.375435 0.819860 0.592630 0.647630
123.447853 108.606987 89.243050 0.819860 0.592630 0.647630
123.619362 107.627274 89.080307 0.819860 0.592630 0.647630
123.743561 106.642632 88.900436 0.819860 0.592630 0.647630
123.860588 105.661659 88.697884 0.819860 0.592630 0.647630
123.982140 104.689613 88.459297 0.819860 0.592630 0.647630
124.107185 103.728752 88.181267 0.819860 0.592630 0.647630
124.242287 102.779213 87.871284 0.819860 0.592630 0.647630
124.401474 101.837875 87.548439 0.819860 0.592630 0.647630
124.606918 100.906418 87.224915 0.819860 0.592630 0.647630
124.861664 99.989365 86.895042 0.819860 0.592630 0.647630
125.122803 99.079483 86.550697 0.819860 0.592630 0.647630
125.344566 98.162849 86.197319 0.819860 0.592630 0.647630
125.519928 97.234123 85.848351 0.819860 0.592630 0.647630
125.686890 96.293053 85.528275 0.819860 0.592630 0.647630
125.879189 95.351906 85.224449 0.819860 0.592630 0.647630
126.117462 94.413956 84.943535 0.819860 0.592630 0.647630
126.361572 93.480255 84.653793 0.819860 0.592630 0.647630
126.559998 92.546326 84.333282 0.819860 0.592630 0.647630
33
126.476929 142.032227 92.828201 0.683590 0.623940 0.638790
126.495758 141.023682 92.805252 0.683590 0.623940 0.638790
126.488716 140.014877 92.783531 0.683590 0.623940 0.638790
126.461617 139.007004 92.747078 0.683590 0.623940 0.638790
126.405624 138.001358 92.689110 0.683590 0.623940 0.638790
126.331444 136.996384 92.641167 0.683590 0.623940 0.638790
126.270142 135.989563 92.634583 0.683590 0.623940 0.638790
126.219978 134.982193 92.662971 0.683590 0.623940 0.638790
126.149452 133.976715 92.706505 0.683590 0.623940 0.638790
126.026131 132.977264 92.758240 0.683590 0.623940 0.638790
125.868347 131.983261 92.826569 0.683590 0.623940 0.638790
125.750900 130.987640 92.928192 0.683590 0.623940 0.638790
125.696449 129.989777 93.064720 0.683590 0.623940 0.638790
125.659744 128.994156 93.223198 0.683590 0.623940 0.638790
125.625938 128.001602 93.400131 0.683590 0.623940 0.638790
125.605751 127.012779 93.598076 0.683590 0.623940 0.638790
125.603104 126.025818 93.806259 0.683590 0.623940 0.638790
125.601189 125.035378 93.996750 0.683590 0.623940 0.638790
125.577324 124.040161 94.159393 0.683590 0.623940 0.638790
125.535606 123.045128 94.320236 0.683590 0.623940 0.638790
125.500504 122.055283 94.510162 0.683590 0.623940 0.638790
125.491249 121.070198 94.726196 0.683590 0.623940 0.638790
125.523399 120.082687 94.926643 0.683590 0.623940 0.638790
125.606956 119.087967 95.064766 0.683590 0.623940 0.638790
125.721657 118.088661 95.140129 0.683590 0.623940 0.638790
125.841194 117.087746 95.182373 0.683590 0.623940 0.638790
125.958481 116.085884 95.191284 0.683590 0.623940 0.638790
126.072639 115.084198 95.156769 0.683590 0.623940 0.638790
126.190468 114.083778 95.099937 0.683590 0.623940 0.638790
126.333916 113.086494 95.054909 0.683590 0.623940 0.638790
126.553322 112.102089 95.038918 0.683590 0.623940 0.638790
126.762077 111.115654 95.012741 0.683590 0.623940 0.638790
126.916023 110.120712 94.966782 0.683590 0.623940 0.638790
21
125.305138 123.572884 98.336067 0.638960 0.629130 0.639120
125.524681 124.516609 98.059998 0.638960 0.629130 0.639120
125.792007 125.437988 97.753479 0.638960 0.629130 0.639120
126.060318 126.345406 97.408508 0.638960 0.629130 0.639120
126.286461 127.255943 97.042648 0.638960 0.629130 0.639120
126.446671 128.183136 96.684402 0.638960 0.629130 0.639120
126.528839 129.130615 96.353279 0.638960 0.629130 0.639120
126.534149 130.088547 96.040924 0.638960 0.629130 0.639120
126.481216 131.046555 95.731934 0.638960 0.629130 0.639120
126.395744 132.006271 95.435379 0.638960 0.629130 0.639120
126.302750 132.978119 95.185226 0.638960 0.629130 0.639120
126.218239 133.967438 95.013245 0.638960 0.629130 0.639120
126.141655 134.968292 94.915344 0.638960 0.629130 0.639120
126.075569 135.973557 94.860435 0.638960 0.629130 0.639120
126.042847 136.981049 94.822464 0.638960 0.629130 0.639120
126.054817 137.988708 94.775391 0.638960 0.629130 0.639120
126.082832 138.994217 94.698090 0.638960 0.629130 0.639120
126.095726 139.997757 94.595032 0.638960 0.629130 0.639120
126.068542 141.000748 94.492142 0.638960 0.629130 0.639120
125.963821 141.998840 94.400551 0.638960 0.629130 0.639120
125.735054 142.970978 94.283218 0.638960 0.629130 0.639120
23
125.451180 138.786118 98.367371 0.550930 0.637170 0.607900
125.769958 139.589401 97.852837 0.550930 0.637170 0.607900
126.054886 140.432571 97.388626 0.550930 0.637170 0.607900
126.297661 141.323990 96.988762 0.550930 0.637170 0.607900
126.535202 142.220551 96.596291 0.550930 0.637170 0.607900
126.752571 143.114197 96.186478 0.550930 0.637170 0.607900
126.862427 144.024475 95.776726 0.550930 0.637170 0.607900
126.830612 144.947418 95.376572 0.550930 0.637170 0.607900
126.766350 145.881042 95.003944 0.550930 0.637170 0.607900
126.770355 146.833344 94.677208 0.550930 0.637170 0.607900
126.836739 147.794525 94.380753 0.550930 0.637170 0.607900
126.922073 148.752609 94.078842 0.550930 0.637170 0.607900
127.002762 149.702164 93.750557 0.550930 0.637170 0.607900
127.074486 150.644180 93.399345 0.550930 0.637170 0.607900
127.111816 151.578857 93.025757 0.550930 0.637170 0.607900
127.047112 152.485428 92.599861 0.550930 0.637170 0.607900
126.852730 153.328613 92.092751 0.550930 0.637170 0.607900
126.589462 154.095886 91.501472 0.550930 0.637170 0.607900
126.313278 154.795395 90.837074 0.550930 0.637170 0.607900
126.033752 155.432220 90.114525 0.550930 0.637170 0.607900
125.756775 156.017197 89.348610 0.550930 0.637170 0.607900
125.503036 156.583084 88.560677 0.550930 0.637170 0.607900
125.301987 157.187714 87.787666 0.550930 0.637170 0.607900
15
124.419075 145.028839 93.590424 0.533930 0.633730 0.590460
124.669243 145.985153 93.417923 0.533930 0.633730 0.590460
125.025345 146.906876 93.221558 0.533930 0.633730 0.590460
125.337921 147.834198 92.988297 0.533930 0.633730 0.590460
125.513626 148.781387 92.691475 0.533930 0.633730 0.590460
125.671921 149.725784 92.377602 0.533930 0.633730 0.590460
125.801033 150.660431 92.024307 0.533930 0.633730 0.590460
125.878944 151.573715 91.610023 0.533930 0.633730 0.590460
125.864868 152.434738 91.096596 0.533930 0.633730 0.590460
125.783104 153.203339 90.459671 0.533930 0.633730 0.590460
125.682838 153.870865 89.719101 0.533930 0.633730 0.590460
125.577957 154.455246 88.911880 0.533930 0.633730 0.590460
125.468582 154.973999 88.061821 0.533930 0.633730 0.590460
125.375786 155.442886 87.181694 0.533930 0.633730 0.590460
125.336311 155.876556 86.280449 0.533930 0.633730 0.590460
11
124.547050 147.150543 89.476868 0.535850 0.635410 0.583170
125.300125 147.814377 89.498016 0.535850 0.635410 0.583170
126.032249 148.501083 89.510216 0.535850 0.635410 0.583170
126.686798 149.258942 89.475754 0.535850 0.635410 0.583170
127.213348 150.105743 89.371803 0.535850 0.635410 0.583170
127.591721 151.019440 89.197289 0.535850 0.635410 0.583170
127.753922 151.938324 88.862549 0.535850 0.635410 0.583170
127.651695 152.725494 88.278740 0.535850 0.635410 0.583170
127.415794 153.343140 87.528984 0.535850 0.635410 0.583170
127.172638 153.844299 86.698029 0.535850 0.635410 0.583170
126.972984 154.231415 85.799873 0.535850 0.635410 0.583170
26
124.127060 133.131912 93.145645 0.580590 0.629330 0.599700
124.342148 134.113556 93.143250 0.580590 0.629330 0.599700
124.395226 135.117447 93.179771 0.580590 0.629330 0.599700
124.359200 136.124191 93.236473 0.580590 0.629330 0.599700
124.356949 137.131256 93.258377 0.580590 0.629330 0.599700
124.448723 138.134521 93.227882 0.580590 0.629330 0.599700
124.569496 139.135635 93.202957 0.580590 0.629330 0.599700
124.595978 140.140076 93.233932 0.580590 0.629330 0.599700
124.459160 141.132278 93.316055 0.580590 0.629330 0.599700
124.207878 142.105560 93.388489 0.580590 0.629330 0.599700
124.012238 143.090698 93.383667 0.580590 0.629330 0.599700
123.981651 144.091965 93.294769 0.580590 0.629330 0.599700
124.094421 145.083633 93.163078 0.580590 0.629330 0.599700
124.348625 146.041763 93.002098 0.580590 0.629330 0.599700
124.711418 146.961472 92.810539 0.580590 0.629330 0.599700
125.051361 147.880325 92.582085 0.580590 0.629330 0.599700
125.286568 148.819550 92.307480 0.580590 0.629330 0.599700
125.447441 149.762482 91.991158 0.580590 0.629330 0.599700
125.560661 150.682846 91.596992 0.580590 0.629330 0.599700
125.646187 151.583801 91.158318 0.580590 0.629330 0.599700
125.665176 152.423706 90.611099 0.580590 0.629330 0.599700
125.633087 153.168076 89.941864 0.580590 0.629330 0.599700
125.579224 153.813660 89.177567 0.580590 0.629330 0.599700
125.511795 154.378296 88.352722 0.580590 0.629330 0.599700
125.441452 154.877762 87.487350 0.580590 0.629330 0.599700
125.398544 155.321457 86.591019 0.580590 0.629330 0.599700
39
124.469994 120.696129 96.953773 0.613700 0.626440 0.612730
124.415436 121.672554 96.710274 0.613700 0.626440 0.612730
124.398018 122.647987 96.455055 0.613700 0.626440 0.612730
124.385895 123.629700 96.224297 0.613700 0.626440 0.612730
124.377892 124.610275 95.989044 0.613700 0.626440 0.612730
124.401863 125.574760 95.699448 0.613700 0.626440 0.612730
124.475555 126.518333 95.354080 0.613700 0.626440 0.612730
124.568657 127.455345 94.994774 0.613700 0.626440 0.612730
124.622032 128.404037 94.660576 0.613700 0.626440 0.612730
124.592346 129.366928 94.367699 0.613700 0.626440 0.612730
124.477791 130.335510 94.115242 0.613700 0.626440 0.612730
124.336281 131.311172 93.904289 0.613700 0.626440 0.612730
124.333710 132.299347 93.765419 0.613700 0.626440 0.612730
124.502815 133.291397 93.710083 0.613700 0.626440 0.612730
124.621498 134.290787 93.707314 0.613700 0.626440 0.612730
124.621765 135.297897 93.742249 0.613700 0.626440 0.612730
124.574104 136.304489 93.794273 0.613700 0.626440 0.612730
124.575798 137.311661 93.811615 0.613700 0.626440 0.612730
124.659454 138.315918 93.776253 0.613700 0.626440 0.612730
124.744171 139.320129 93.738556 0.613700 0.626440 0.612730
124.718002 140.324799 93.752396 0.613700 0.626440 0.612730
124.529846 141.309998 93.814873 0.613700 0.626440 0.612730
124.237442 142.273254 93.859886 0.613700 0.626440 0.612730
124.004730 143.249893 93.826965 0.613700 0.626440 0.612730
123.941872 144.247665 93.720482 0.613700 0.626440 0.612730
124.037354 145.239182 93.578476 0.613700 0.626440 0.612730
124.282280 146.198776 93.410637 0.613700 0.626440 0.612730
124.631432 147.123535 93.216843 0.613700 0.626440 0.612730
124.959686 148.047028 92.988350 0.613700 0.626440 0.612730
125.198326 148.986008 92.714417 0.613700 0.626440 0.612730
125.376213 149.926559 92.399849 0.613700 0.626440 0.612730
125.520821 150.855103 92.037560 0.613700 0.626440 0.612730
125.610794 151.757065 91.602577 0.613700 0.626440 0.612730
125.613495 152.601715 91.061852 0.613700 0.626440 0.612730
125.553383 153.351913 90.400444 0.613700 0.626440 0.612730
125.473015 154.002701 89.642639 0.613700 0.626440 0.612730
125.383858 154.539490 88.800575 0.613700 0.626440 0.612730
125.290443 155.049774 87.943474 0.613700 0.626440 0.612730
125.214554 155.516251 87.060417 0.613700 0.626440 0.612730
30
127.688240 131.979446 98.282616 0.576750 0.640680 0.613950
127.747025 132.827988 97.746178 0.576750 0.640680 0.613950
127.770142 133.717072 97.276215 0.576750 0.640680 0.613950
127.754448 134.650650 96.904259 0.576750 0.640680 0.613950
127.684547 135.622208 96.654472 0.576750 0.640680 0.613950
127.552658 136.610733 96.515678 0.576750 0.640680 0.613950
127.402374 137.605331 96.440300 0.576750 0.640680 0.613950
127.334702 138.604355 96.338928 0.576750 0.640680 0.613950
127.370628 139.597336 96.170067 0.576750 0.640680 0.613950
127.461449 140.580490 95.964828 0.576750 0.640680 0.613950
127.585587 141.557755 95.749153 0.576750 0.640680 0.613950
127.720665 142.533371 95.532341 0.576750 0.640680 0.613950
127.826645 143.508545 95.300095 0.576750 0.640680 0.613950
127.875351 144.477692 95.028999 0.576750 0.640680 0.613950
127.880646 145.439026 94.725327 0.576750 0.640680 0.613950
127.884117 146.398438 94.415520 0.576750 0.640680 0.613950
127.908409 147.359879 94.112984 0.576750 0.640680 0.613950
127.947273 148.319916 93.807503 0.576750 0.640680 0.613950
127.984581 149.271515 93.477348 0.576750 0.640680 0.613950
128.023315 150.212006 93.117233 0.576750 0.640680 0.613950
128.071747 151.141373 92.730965 0.576750 0.640680 0.613950
128.088821 152.046783 92.293022 0.576750 0.640680 0.613950
127.998077 152.893158 91.765167 0.576750 0.640680 0.613950
127.786026 153.655731 91.149666 0.576750 0.640680 0.613950
127.516815 154.346100 90.472984 0.576750 0.640680 0.613950
127.238953 154.980042 89.747177 0.576750 0.640680 0.613950
126.968399 155.554153 88.971741 0.576750 0.640680 0.613950
126.716255 156.063446 88.147148 0.576750 0.640680 0.613950
126.518257 156.519592 87.278946 0.576750 0.640680 0.613950
126.478569 156.910324 86.357819 0.576750 0.640680 0.613950
16
126.579720 139.439133 98.097977 0.560790 0.644350 0.627930
126.938484 140.304794 97.731972 0.560790 0.644350 0.627930
127.292076 141.185165 97.394753 0.560790 0.644350 0.627930
127.678276 142.049454 97.052841 0.560790 0.644350 0.627930
128.072662 142.915878 96.725754 0.560790 0.644350 0.627930
128.426834 143.811234 96.432274 0.560790 0.644350 0.627930
128.709045 144.738754 96.160980 0.560790 0.644350 0.627930
128.914886 145.690964 95.904335 0.560790 0.644350 0.627930
129.059875 146.658310 95.660858 0.560790 0.644350 0.627930
129.123215 147.628754 95.394073 0.560790 0.644350 0.627930
129.161362 148.589523 95.093689 0.560790 0.644350 0.627930
129.159760 149.527924 94.727905 0.560790 0.644350 0.627930
129.151260 150.444427 94.310234 0.560790 0.644350 0.627930
129.184341 151.344345 93.860428 0.560790 0.644350 0.627930
129.277649 152.228180 93.387863 0.560790 0.644350 0.627930
129.417618 153.095673 92.897057 0.560790 0.644350 0.627930
44
127.101624 125.402756 98.495346 0.591700 0.641340 0.603490
127.470032 126.277054 98.165428 0.591700 0.641340 0.603490
127.725952 127.178566 97.800468 0.591700 0.641340 0.603490
127.889267 128.108765 97.451088 0.591700 0.641340 0.603490
127.995415 129.053543 97.116882 0.591700 0.641340 0.603490
128.066849 129.997833 96.772041 0.591700 0.641340 0.603490
128.126282 130.927963 96.389679 0.591700 0.641340 0.603490
128.194519 131.836700 95.960968 0.591700 0.641340 0.603490
128.269821 132.734406 95.510475 0.591700 0.641340 0.603490
128.333954 133.643463 95.082008 0.591700 0.641340 0.603490
128.369888 134.578918 94.711006 0.591700 0.641340 0.603490
128.365845 135.538895 94.405411 0.591700 0.641340 0.603490
128.309937 136.514786 94.160912 0.591700 0.641340 0.603490
128.205261 137.500443 93.977501 0.591700 0.641340 0.603490
128.086456 138.492767 93.841148 0.591700 0.641340 0.603490
127.999939 139.490479 93.721756 0.591700 0.641340 0.603490
127.966370 140.492096 93.607903 0.591700 0.641340 0.603490
127.976372 141.496460 93.514191 0.591700 0.641340 0.603490
128.005829 142.502655 93.444687 0.591700 0.641340 0.603490
128.026886 143.508469 93.368637 0.591700 0.641340 0.603490
128.031265 144.508972 93.242546 0.591700 0.641340 0.603490
128.048111 145.499451 93.055046 0.591700 0.641340 0.603490
128.113480 146.480301 92.831512 0.591700 0.641340 0.603490
128.232986 147.454498 92.601021 0.591700 0.641340 0.603490
128.398849 148.419418 92.359848 0.591700 0.641340 0.603490
128.561920 149.382141 92.108597 0.591700 0.641340 0.603490
128.728348 150.340485 91.843346 0.591700 0.641340 0.603490
128.902313 151.291214 91.557350 0.591700 0.641340 0.603490
129.041733 152.221191 91.201675 0.591700 0.641340 0.603490
129.055634 153.099838 90.722672 0.591700 0.641340 0.603490
128.899445 153.877411 90.113609 0.591700 0.641340 0.603490
128.651520 154.545502 89.409035 0.591700 0.641340 0.603490
128.406509 155.125717 88.630447 0.591700 0.641340 0.603490
128.203796 155.619400 87.784271 0.591700 0.641340 0.603490
128.048798 156.015900 86.879921 0.591700 0.641340 0.603490
127.939255 156.310211 85.931404 0.591700 0.641340 0.603490
127.870346 156.508698 84.954597 0.591700 0.641340 0.603490
127.829521 156.616882 83.962227 0.591700 0.641340 0.603490
127.802681 156.625565 82.963997 0.591700 0.641340 0.603490
127.785667 156.509720 81.973068 0.591700 0.641340 0.603490
127.789337 156.234131 81.015205 0.591700 0.641340 0.603490
127.831017 155.786880 80.124496 0.591700 0.641340 0.603490
127.911133 155.209152 79.311058 0.591700 0.641340 0.603490
128.021179 154.556152 78.557678 0.591700 0.641340 0.603490
27
128.051346 128.679993 97.837975 0.604110 0.643200 0.629110
128.178741 129.616745 97.489304 0.604110 0.643200 0.629110
128.283203 130.540665 97.101990 0.604110 0.643200 0.629110
128.387436 131.439102 96.659790 0.604110 0.643200 0.629110
128.498444 132.316467 96.178543 0.604110 0.643200 0.629110
128.599731 133.196365 95.699982 0.604110 0.643200 0.629110
128.670547 134.102371 95.267311 0.604110 0.643200 0.629110
128.693893 135.040604 94.903084 0.604110 0.643200 0.629110
128.656372 136.002304 94.606209 0.604110 0.643200 0.629110
128.559250 136.977005 94.369545 0.604110 0.643200 0.629110
128.432755 137.959656 94.181442 0.604110 0.643200 0.629110
128.326065 138.949310 94.019547 0.604110 0.643200 0.629110
128.271484 139.945084 93.869919 0.604110 0.643200 0.629110
128.267288 140.945267 93.739655 0.604110 0.643200 0.629110
128.292633 141.948761 93.638847 0.604110 0.643200 0.629110
128.323563 142.953735 93.553780 0.604110 0.643200 0.629110
128.343887 143.956512 93.446098 0.604110 0.643200 0.629110
128.362000 144.952103 93.286636 0.604110 0.643200 0.629110
128.408661 145.938187 93.081367 0.604110 0.643200 0.629110
128.505188 146.916687 92.858528 0.604110 0.643200 0.629110
128.647690 147.888840 92.632240 0.604110 0.643200 0.629110
128.812119 148.855011 92.395210 0.604110 0.643200 0.629110
128.982498 149.817322 92.146988 0.604110 0.643200 0.629110
129.174210 150.774780 91.896843 0.604110 0.643200 0.629110
129.418762 151.713058 91.621719 0.604110 0.643200 0.629110
129.655319 152.640640 91.309341 0.604110 0.643200 0.629110
129.881943 153.550552 90.941772 0.604110 0.643200 0.629110
