13
100
124.067314 145.843765 92.105202 0.942810 0.259910 0.506950
124.103794 145.972478 92.098534 0.942810 0.259910 0.506950
124.138108 146.101737 92.091160 0.942810 0.259910 0.506950
124.170522 146.231467 92.083086 0.942810 0.259910 0.506950
124.201302 146.361592 92.074315 0.942810 0.259910 0.506950
124.230717 146.492036 92.064851 0.942810 0.259910 0.506950
124.259033 146.622723 92.054700 0.942810 0.259910 0.506950
124.286516 146.753576 92.043864 0.942810 0.259910 0.506950
124.313434 146.884521 92.032349 0.942810 0.259910 0.506950
124.340054 147.015482 92.020158 0.942810 0.259910 0.506950
124.366643 147.146381 92.007295 0.942810 0.259910 0.506950
124.393467 147.277144 91.993765 0.942810 0.259910 0.506950
124.420793 147.407695 91.979572 0.942810 0.259910 0.506950
124.448889 147.537958 91.964721 0.942810 0.259910 0.506950
124.478022 147.667856 91.949214 0.942810 0.259910 0.506950
124.508457 147.797314 91.933057 0.942810 0.259910 0.506950
124.540439 147.926261 91.916251 0.942810 0.259910 0.506950
124.574017 148.054668 91.898775 0.942810 0.259910 0.506950
124.609146 148.182528 91.880595 0.942810 0.259910 0.506950
124.645780 148.309833 91.861679 0.942810 0.259910 0.506950
124.683874 148.436574 91.841995 0.942810 0.259910 0.506950
124.723382 148.562743 91.821508 0.942810 0.259910 0.506950
124.764259 148.688334 91.800188 0.942810 0.259910 0.506950
124.806457 148.813337 91.778000 0.942810 0.259910 0.506950
124.849877 148.937773 91.754931 0.942810 0.259910 0.506950
124.894276 149.061735 91.731017 0.942810 0.259910 0.506950
124.939390 149.185326 91.706300 0.942810 0.259910 0.506950
124.984955 149.308649 91.680823 0.942810 0.259910 0.506950
125.030705 149.431808 91.654629 0.942810 0.259910 0.506950
125.076378 149.554906 91.627759 0.942810 0.259910 0.506950
125.121708 149.678047 91.600258 0.942810 0.259910 0.506950
125.166426 149.801332 91.572162 0.942810 0.259910 0.506950
125.210153 149.924822 91.543394 0.942810 0.259910 0.506950
125.252411 150.048542 91.513778 0.942810 0.259910 0.506950
125.292719 150.172514 91.483130 0.942810 0.259910 0.506950
125.330596 150.296763 91.451269 0.942810 0.259910 0.506950
125.365562 150.421311 91.418013 0.942810 0.259910 0.506950
125.397134 150.546182 91.383181 0.942810 0.259910 0.506950
125.424832 150.671399 91.346590 0.942810 0.259910 0.506950
125.448328 150.796969 91.308112 0.942810 0.259910 0.506950
125.468074 150.922821 91.267885 0.942810 0.259910 0.506950
125.484765 151.048860 91.226133 0.942810 0.259910 0.506950
125.499095 151.174988 91.183078 0.942810 0.259910 0.506950
125.511760 151.301110 91.138943 0.942810 0.259910 0.506950
125.523454 151.427131 91.093952 0.942810 0.259910 0.506950
125.534874 151.552952 91.048327 0.942810 0.259910 0.506950
125.546709 151.678480 91.002290 0.942810 0.259910 0.506950
125.559362 151.803619 90.955887 0.942810 0.259910 0.506950
125.572751 151.928282 90.908883 0.942810 0.259910 0.506950
125.586749 152.052380 90.861013 0.942810 0.259910 0.506950
125.601230 152.175825 90.812013 0.942810 0.259910 0.506950
125.616068 152.298527 90.761619 0.942810 0.259910 0.506950
125.631137 152.420399 90.709567 0.942810 0.259910 0.506950
125.646308 152.541351 90.655592 0.942810 0.259910 0.506950
125.661474 152.661300 90.599451 0.942810 0.259910 0.506950
125.676701 152.780190 90.541106 0.942810 0.259910 0.506950
125.692164 152.897988 90.480646 0.942810 0.259910 0.506950
125.708037 153.014661 90.418161 0.942810 0.259910 0.506950
125.724496 153.130174 90.353741 0.942810 0.259910 0.506950
125.741716 153.244493 90.287476 0.942810 0.259910 0.506950
125.759874 153.357586 90.219456 0.942810 0.259910 0.506950
125.779144 153.469418 90.149773 0.942810 0.259910 0.506950
125.799633 153.579963 90.078499 0.942810 0.259910 0.506950
125.821230 153.689220 90.005657 0.942810 0.259910 0.506950
125.843781 153.797193 89.931262 0.942810 0.259910 0.506950
125.867131 153.903886 89.855327 0.942810 0.259910 0.506950
125.891127 154.009303 89.777863 0.942810 0.259910 0.506950
125.915614 154.113448 89.698886 0.942810 0.259910 0.506950
125.940436 154.216323 89.618407 0.942810 0.259910 0.506950
125.965441 154.317934 89.536440 0.942810 0.259910 0.506950
125.990469 154.418274 89.452989 0.942810 0.259910 0.506950
126.015354 154.517327 89.368049 0.942810 0.259910 0.506950
126.039930 154.615077 89.281616 0.942810 0.259910 0.506950
126.064033 154.711505 89.193684 0.942810 0.259910 0.506950
126.087497 154.806597 89.104247 0.942810 0.259910 0.506950
126.110156 154.900335 89.013300 0.942810 0.259910 0.506950
126.131846 154.992702 88.920839 0.942810 0.259910 0.506950
126.152416 155.083684 88.826862 0.942810 0.259910 0.506950
126.171818 155.173273 88.731399 0.942810 0.259910 0.506950
126.190046 155.261468 88.634494 0.942810 0.259910 0.506950
126.207092 155.348266 88.536187 0.942810 0.259910 0.506950
126.222947 155.433665 88.436521 0.942810 0.259910 0.506950
126.237605 155.517661 88.335538 0.942810 0.259910 0.506950
126.251058 155.600252 88.233279 0.942810 0.259910 0.506950
126.263299 155.681437 88.129788 0.942810 0.259910 0.506950
126.274357 155.761216 88.025108 0.942810 0.259910 0.506950
126.284340 155.839599 87.919285 0.942810 0.259910 0.506950
126.293361 155.916599 87.812366 0.942810 0.259910 0.506950
126.301537 155.992226 87.704399 0.942810 0.259910 0.506950
126.308984 156.066491 87.595430 0.942810 0.259910 0.506950
126.315816 156.139407 87.485507 0.942810 0.259910 0.506950
126.322150 156.210984 87.374677 0.942810 0.259910 0.506950
126.328101 156.281233 87.262986 0.942810 0.259910 0.506950
126.333784 156.350166 87.150482 0.942810 0.259910 0.506950
126.339315 156.417794 87.037212 0.942810 0.259910 0.506950
126.344809 156.484128 86.923222 0.942810 0.259910 0.506950
126.350382 156.549180 86.808561 0.942810 0.259910 0.506950
126.356149 156.612961 86.693274 0.942810 0.259910 0.506950
126.362226 156.675482 86.577410 0.942810 0.259910 0.506950
126.368729 156.736755 86.461014 0.942810 0.259910 0.506950
100
113.512993 82.620964 74.933777 0.000000 0.587560 0.523960
113.514825 82.700219 74.998358 0.000000 0.587560 0.523960
113.516209 82.779586 75.062865 0.000000 0.587560 0.523960
113.517186 82.859087 75.127262 0.000000 0.587560 0.523960
113.517797 82.938744 75.191514 0.000000 0.587560 0.523960
113.518082 83.018579 75.255584 0.000000 0.587560 0.523960
113.518080 83.098613 75.319437 0.000000 0.587560 0.523960
113.517834 83.178869 75.383037 0.000000 0.587560 0.523960
113.517383 83.259368 75.446347 0.000000 0.587560 0.523960
113.516767 83.340131 75.509333 0.000000 0.587560 0.523960
113.516028 83.421182 75.571957 0.000000 0.587560 0.523960
113.515205 83.502540 75.634185 0.000000 0.587560 0.523960
113.514339 83.584229 75.695980 0.000000 0.587560 0.523960
113.513470 83.666271 75.757306 0.000000 0.587560 0.523960
113.512639 83.748686 75.818127 0.000000 0.587560 0.523960
113.511887 83.831496 75.878409 0.000000 0.587560 0.523960
113.511254 83.914725 75.938114 0.000000 0.587560 0.523960
113.510779 83.998392 75.997206 0.000000 0.587560 0.523960
113.510505 84.082521 76.055651 0.000000 0.587560 0.523960
113.510470 84.167132 76.113411 0.000000 0.587560 0.523960
113.510717 84.252249 76.170452 0.000000 0.587560 0.523960
113.511282 84.337882 76.226747 0.000000 0.587560 0.523960
113.512199 84.424022 76.282291 0.000000 0.587560 0.523960
113.513500 84.510658 76.337084 0.000000 0.587560 0.523960
113.515219 84.597778 76.391124 0.000000 0.587560 0.523960
113.517388 84.685370 76.444410 0.000000 0.587560 0.523960
113.520040 84.773420 76.496941 0.000000 0.587560 0.523960
113.523206 84.861919 76.548715 0.000000 0.587560 0.523960
113.526921 84.950852 76.599731 0.000000 0.587560 0.523960
113.531215 85.040209 76.649988 0.000000 0.587560 0.523960
113.536122 85.129977 76.699484 0.000000 0.587560 0.523960
113.541668 85.220141 76.748224 0.000000 0.587560 0.523960
113.547866 85.310679 76.796224 0.000000 0.587560 0.523960
113.554730 85.401570 76.843499 0.000000 0.587560 0.523960
113.562272 85.492793 76.890065 0.000000 0.587560 0.523960
113.570504 85.584325 76.935938 0.000000 0.587560 0.523960
113.579441 85.676144 76.981134 0.000000 0.587560 0.523960
113.589094 85.768230 77.025669 0.000000 0.587560 0.523960
113.599476 85.860560 77.069559 0.000000 0.587560 0.523960
113.610601 85.953113 77.112820 0.000000 0.587560 0.523960
113.622481 86.045867 77.155467 0.000000 0.587560 0.523960
113.635121 86.138808 77.197506 0.000000 0.587560 0.523960
113.648513 86.231929 77.238926 0.000000 0.587560 0.523960
113.662651 86.325226 77.279718 0.000000 0.587560 0.523960
113.677529 86.418692 77.319871 0.000000 0.587560 0.523960
113.693138 86.512324 77.359373 0.000000 0.587560 0.523960
113.709472 86.606114 77.398216 0.000000 0.587560 0.523960
113.726524 86.700059 77.436388 0.000000 0.587560 0.523960
113.744286 86.794153 77.473879 0.000000 0.587560 0.523960
113.762752 86.888391 77.510679 0.000000 0.587560 0.523960
113.781914 86.982767 77.546777 0.000000 0.587560 0.523960
113.801745 87.077280 77.582171 0.000000 0.587560 0.523960
113.822201 87.171929 77.616868 0.000000 0.587560 0.523960
113.843234 87.266716 77.650874 0.000000 0.587560 0.523960
113.864799 87.361643 77.684196 0.000000 0.587560 0.523960
113.886851 87.456708 77.716840 0.000000 0.587560 0.523960
113.909343 87.551915 77.748814 0.000000 0.587560 0.523960
113.932228 87.647262 77.780122 0.000000 0.587560 0.523960
113.955462 87.742752 77.810773 0.000000 0.587560 0.523960
113.978998 87.838385 77.840773 0.000000 0.587560 0.523960
114.002791 87.934161 77.870130 0.000000 0.587560 0.523960
114.026801 88.030077 77.898875 0.000000 0.587560 0.523960
114.050995 88.126126 77.927059 0.000000 0.587560 0.523960
114.075338 88.222299 77.954732 0.000000 0.587560 0.523960
114.099797 88.318591 77.981945 0.000000 0.587560 0.523960
114.124338 88.414992 78.008749 0.000000 0.587560 0.523960
114.148927 88.511496 78.035193 0.000000 0.587560 0.523960
114.173531 88.608096 78.061328 0.000000 0.587560 0.523960
114.198114 88.704784 78.087206 0.000000 0.587560 0.523960
114.222644 88.801552 78.112876 0.000000 0.587560 0.523960
114.247093 88.898392 78.138388 0.000000 0.587560 0.523960
114.271497 88.995280 78.163781 0.000000 0.587560 0.523960
114.295928 89.092184 78.189088 0.000000 0.587560 0.523960
114.320462 89.189071 78.214342 0.000000 0.587560 0.523960
114.345171 89.285908 78.239577 0.000000 0.587560 0.523960
114.370129 89.382663 78.264824 0.000000 0.587560 0.523960
114.395411 89.479303 78.290117 0.000000 0.587560 0.523960
114.421090 89.575795 78.315490 0.000000 0.587560 0.523960
114.447241 89.672108 78.340974 0.000000 0.587560 0.523960
114.473936 89.768207 78.366604 0.000000 0.587560 0.523960
114.501244 89.864065 78.392407 0.000000 0.587560 0.523960
114.529191 89.959668 78.418386 0.000000 0.587560 0.523960
114.557782 90.055016 78.444527 0.000000 0.587560 0.523960
114.587023 90.150105 78.470820 0.000000 0.587560 0.523960
114.616920 90.244934 78.497252 0.000000 0.587560 0.523960
114.647479 90.339501 78.523811 0.000000 0.587560 0.523960
114.678707 90.433802 78.550486 0.000000 0.587560 0.523960
114.710609 90.527836 78.577264 0.000000 0.587560 0.523960
114.743190 90.621600 78.604133 0.000000 0.587560 0.523960
114.776458 90.715092 78.631082 0.000000 0.587560 0.523960
114.810418 90.808310 78.658099 0.000000 0.587560 0.523960
114.845076 90.901251 78.685171 0.000000 0.587560 0.523960
114.880437 90.993914 78.712288 0.000000 0.587560 0.523960
114.916509 91.086295 78.739436 0.000000 0.587560 0.523960
114.953296 91.178393 78.766604 0.000000 0.587560 0.523960
114.990805 91.270206 78.793781 0.000000 0.587560 0.523960
115.029042 91.361730 78.820953 0.000000 0.587560 0.523960
115.068012 91.452964 78.848110 0.000000 0.587560 0.523960
115.107722 91.543905 78.875239 0.000000 0.587560 0.523960
115.148178 91.634552 78.902328 0.000000 0.587560 0.523960
100
135.323456 93.440468 85.304138 0.342090 0.442130 0.355580
135.194188 93.538299 85.168756 0.342090 0.442130 0.355580
135.055633 93.638650 85.054766 0.342090 0.442130 0.355580
134.908958 93.741272 84.959817 0.342090 0.442130 0.355580
134.755325 93.845917 84.881560 0.342090 0.442130 0.355580
134.595898 93.952335 84.817642 0.342090 0.442130 0.355580
134.431842 94.060279 84.765714 0.342090 0.442130 0.355580
134.264322 94.169499 84.723423 0.342090 0.442130 0.355580
134.094500 94.279746 84.688419 0.342090 0.442130 0.355580
133.923541 94.390773 84.658352 0.342090 0.442130 0.355580
133.752610 94.502331 84.630870 0.342090 0.442130 0.355580
133.582688 94.614418 84.604522 0.342090 0.442130 0.355580
133.414214 94.727770 84.580528 0.342090 0.442130 0.355580
133.247528 94.843259 84.560598 0.342090 0.442130 0.355580
133.082970 94.961754 84.546445 0.342090 0.442130 0.355580
132.920880 95.084128 84.539781 0.342090 0.442130 0.355580
132.761569 95.210957 84.541576 0.342090 0.442130 0.355580
132.605282 95.342067 84.550903 0.342090 0.442130 0.355580
132.452248 95.477162 84.566534 0.342090 0.442130 0.355580
132.302701 95.615949 84.587241 0.342090 0.442130 0.355580
132.156872 95.758134 84.611797 0.342090 0.442130 0.355580
132.014855 95.903444 84.639205 0.342090 0.442130 0.355580
131.876437 96.051660 84.668986 0.342090 0.442130 0.355580
131.741366 96.202570 84.700729 0.342090 0.442130 0.355580
131.609389 96.355961 84.734024 0.342090 0.442130 0.355580
131.480251 96.511620 84.768459 0.342090 0.442130 0.355580
131.353731 96.669369 84.803621 0.342090 0.442130 0.355580
131.229659 96.829096 84.839086 0.342090 0.442130 0.355580
131.107876 96.990694 84.874428 0.342090 0.442130 0.355580
130.988220 97.154059 84.909224 0.342090 0.442130 0.355580
130.870529 97.319084 84.943051 0.342090 0.442130 0.355580
130.754551 97.485598 84.975618 0.342090 0.442130 0.355580
130.639879 97.653316 85.006856 0.342090 0.442130 0.355580
130.526092 97.821944 85.036721 0.342090 0.442130 0.355580
130.412768 97.991188 85.065165 0.342090 0.442130 0.355580
130.299487 98.160752 85.092146 0.342090 0.442130 0.355580
130.185837 98.330312 85.117789 0.342090 0.442130 0.355580
130.071422 98.499498 85.142471 0.342090 0.442130 0.355580
129.955848 98.667936 85.166588 0.342090 0.442130 0.355580
129.838719 98.835254 85.190535 0.342090 0.442130 0.355580
129.719646 99.001081 85.214710 0.342090 0.442130 0.355580
129.598417 99.165150 85.239533 0.342090 0.442130 0.355580
129.475050 99.327326 85.265459 0.342090 0.442130 0.355580
129.349581 99.487487 85.292944 0.342090 0.442130 0.355580
129.222045 99.645507 85.322443 0.342090 0.442130 0.355580
129.092480 99.801268 85.354407 0.342090 0.442130 0.355580
128.961056 99.954787 85.389127 0.342090 0.442130 0.355580
128.828087 100.106240 85.426713 0.342090 0.442130 0.355580
128.693896 100.255814 85.467267 0.342090 0.442130 0.355580
128.558808 100.403691 85.510889 0.342090 0.442130 0.355580
128.423144 100.550058 85.557674 0.342090 0.442130 0.355580
128.287204 100.695142 85.607604 0.342090 0.442130 0.355580
128.151267 100.839207 85.660545 0.342090 0.442130 0.355580
128.015609 100.982521 85.716359 0.342090 0.442130 0.355580
127.880509 101.125351 85.774907 0.342090 0.442130 0.355580
127.746258 101.267975 85.836049 0.342090 0.442130 0.355580
127.613446 101.410902 85.899587 0.342090 0.442130 0.355580
127.482917 101.554837 85.965275 0.342090 0.442130 0.355580
127.355527 101.700493 86.032866 0.342090 0.442130 0.355580
127.232131 101.848583 86.102113 0.342090 0.442130 0.355580
127.113579 101.999804 86.172763 0.342090 0.442130 0.355580
127.000667 102.154591 86.244510 0.342090 0.442130 0.355580
126.894145 102.313180 86.317005 0.342090 0.442130 0.355580
126.794767 102.475802 86.389897 0.342090 0.442130 0.355580
126.703280 102.642688 86.462837 0.342090 0.442130 0.355580
126.620379 102.814034 86.535487 0.342090 0.442130 0.355580
126.546022 102.989623 86.607683 0.342090 0.442130 0.355580
126.479675 103.168953 86.679377 0.342090 0.442130 0.355580
126.420795 103.351520 86.750523 0.342090 0.442130 0.355580
126.368840 103.536818 86.821074 0.342090 0.442130 0.355580
126.323257 103.724357 86.890976 0.342090 0.442130 0.355580
126.283394 103.913790 86.960079 0.342090 0.442130 0.355580
126.248541 104.104855 87.028180 0.342090 0.442130 0.355580
126.217986 104.297292 87.095074 0.342090 0.442130 0.355580
126.191018 104.490838 87.160556 0.342090 0.442130 0.355580
126.166962 104.685253 87.224430 0.342090 0.442130 0.355580
126.145455 104.880454 87.286570 0.342090 0.442130 0.355580
126.126295 105.076438 87.346889 0.342090 0.442130 0.355580
126.109281 105.273206 87.405297 0.342090 0.442130 0.355580
126.094213 105.470757 87.461706 0.342090 0.442130 0.355580
126.080867 105.669082 87.516051 0.342090 0.442130 0.355580
126.068863 105.868101 87.568436 0.342090 0.442130 0.355580
126.057747 106.067706 87.619041 0.342090 0.442130 0.355580
126.047065 106.267785 87.668048 0.342090 0.442130 0.355580
126.036364 106.468230 87.715637 0.342090 0.442130 0.355580
126.025254 106.668938 87.761994 0.342090 0.442130 0.355580
126.013749 106.869850 87.807340 0.342090 0.442130 0.355580
126.002019 107.070924 87.851910 0.342090 0.442130 0.355580
125.990236 107.272119 87.895938 0.342090 0.442130 0.355580
125.978570 107.473393 87.939659 0.342090 0.442130 0.355580
125.967162 107.674706 87.983293 0.342090 0.442130 0.355580
125.955983 107.876020 88.026990 0.342090 0.442130 0.355580
125.944945 108.077301 88.070874 0.342090 0.442130 0.355580
125.933964 108.278512 88.115071 0.342090 0.442130 0.355580
125.922954 108.479618 88.159704 0.342090 0.442130 0.355580
125.911828 108.680583 88.204898 0.342090 0.442130 0.355580
125.900500 108.881372 88.250779 0.342090 0.442130 0.355580
125.888885 109.081949 88.297470 0.342090 0.442130 0.355580
125.876897 109.282277 88.345097 0.342090 0.442130 0.355580
125.864449 109.482323 88.393784 0.342090 0.442130 0.355580
100
127.590096 127.972496 98.909668 0.792740 0.267930 0.399530
127.748339 128.250860 98.771802 0.792740 0.267930 0.399530
127.891496 128.536164 98.631613 0.792740 0.267930 0.399530
128.019756 128.828311 98.490897 0.792740 0.267930 0.399530
128.133306 129.127204 98.351451 0.792740 0.267930 0.399530
128.232334 129.432743 98.215071 0.792740 0.267930 0.399530
128.317030 129.744830 98.083552 0.792740 0.267930 0.399530
128.387854 130.062981 97.957778 0.792740 0.267930 0.399530
128.445918 130.385796 97.836466 0.792740 0.267930 0.399530
128.492425 130.711743 97.718018 0.792740 0.267930 0.399530
128.528628 131.039423 97.600680 0.792740 0.267930 0.399530
128.555861 131.367682 97.482419 0.792740 0.267930 0.399530
128.575471 131.695403 97.361185 0.792740 0.267930 0.399530
128.588783 132.021844 97.235779 0.792740 0.267930 0.399530
128.597099 132.346816 97.106250 0.792740 0.267930 0.399530
128.601705 132.670179 96.972751 0.792740 0.267930 0.399530
128.603557 132.991912 96.835477 0.792740 0.267930 0.399530
128.603222 133.312135 96.694679 0.792740 0.267930 0.399530
128.601206 133.631027 96.550741 0.792740 0.267930 0.399530
128.597240 133.949848 96.406683 0.792740 0.267930 0.399530
128.590332 134.270855 96.267967 0.792740 0.267930 0.399530
128.579576 134.596185 96.139772 0.792740 0.267930 0.399530
128.565596 134.925736 96.022039 0.792740 0.267930 0.399530
128.550144 135.257768 95.910857 0.792740 0.267930 0.399530
128.534839 135.590671 95.802684 0.792740 0.267930 0.399530
128.519708 135.924580 95.698565 0.792740 0.267930 0.399530
128.503850 136.260639 95.602217 0.792740 0.267930 0.399530
128.486430 136.599836 95.516921 0.792740 0.267930 0.399530
128.467170 136.941885 95.442463 0.792740 0.267930 0.399530
128.446045 137.285913 95.377032 0.792740 0.267930 0.399530
128.423035 137.631138 95.319009 0.792740 0.267930 0.399530
128.398146 137.977277 95.267906 0.792740 0.267930 0.399530
128.371390 138.324226 95.223635 0.792740 0.267930 0.399530
128.342996 138.671877 95.185841 0.792740 0.267930 0.399530
128.314140 139.020094 95.153004 0.792740 0.267930 0.399530
128.286254 139.368739 95.123282 0.792740 0.267930 0.399530
128.260673 139.717660 95.094775 0.792740 0.267930 0.399530
128.238405 140.066673 95.065385 0.792740 0.267930 0.399530
128.220385 140.415585 95.032972 0.792740 0.267930 0.399530
128.207179 140.764236 94.996027 0.792740 0.267930 0.399530
128.198385 141.112547 94.954680 0.792740 0.267930 0.399530
128.193445 141.460453 94.909324 0.792740 0.267930 0.399530
128.191715 141.807967 94.860723 0.792740 0.267930 0.399530
128.192377 142.155267 94.810390 0.792740 0.267930 0.399530
128.194589 142.502546 94.759920 0.792740 0.267930 0.399530
128.197411 142.849959 94.710486 0.792740 0.267930 0.399530
128.199750 143.197593 94.662588 0.792740 0.267930 0.399530
128.200493 143.545528 94.616633 0.792740 0.267930 0.399530
128.198266 143.893622 94.571905 0.792740 0.267930 0.399530
128.191365 144.241459 94.526271 0.792740 0.267930 0.399530
128.178090 144.588601 94.477517 0.792740 0.267930 0.399530
128.157273 144.934474 94.423644 0.792740 0.267930 0.399530
128.128276 145.278372 94.362871 0.792740 0.267930 0.399530
128.090648 145.619627 94.293534 0.792740 0.267930 0.399530
128.046505 145.958338 94.215728 0.792740 0.267930 0.399530
128.000000 146.295204 94.130938 0.792740 0.267930 0.399530
127.955324 146.630942 94.040712 0.792740 0.267930 0.399530
127.916473 146.966224 93.946850 0.792740 0.267930 0.399530
127.887318 147.301702 93.851308 0.792740 0.267930 0.399530
127.871291 147.637950 93.755906 0.792740 0.267930 0.399530
127.868203 147.974921 93.661292 0.792740 0.267930 0.399530
127.876074 148.312259 93.567536 0.792740 0.267930 0.399530
127.892857 148.649628 93.474617 0.792740 0.267930 0.399530
127.916160 148.986813 93.381975 0.792740 0.267930 0.399530
127.943461 149.323646 93.288843 0.792740 0.267930 0.399530
127.972492 149.659954 93.194440 0.792740 0.267930 0.399530
128.002218 149.995537 93.097930 0.792740 0.267930 0.399530
128.031966 150.330185 92.998458 0.792740 0.267930 0.399530
128.061267 150.663714 92.895335 0.792740 0.267930 0.399530
128.090385 150.996023 92.788469 0.792740 0.267930 0.399530
128.119754 151.327035 92.677903 0.792740 0.267930 0.399530
128.149505 151.656724 92.563721 0.792740 0.267930 0.399530
128.178924 151.985222 92.446113 0.792740 0.267930 0.399530
128.207144 152.312688 92.325287 0.792740 0.267930 0.399530
128.232593 152.638975 92.200859 0.792740 0.267930 0.399530
128.252152 152.963274 92.071146 0.792740 0.267930 0.399530
128.262502 153.284680 91.934293 0.792740 0.267930 0.399530
128.260971 153.601780 91.788357 0.792740 0.267930 0.399530
128.245997 153.912283 91.631242 0.792740 0.267930 0.399530
128.216176 154.213824 91.460859 0.792740 0.267930 0.399530
128.172077 154.504688 91.276101 0.792740 0.267930 0.399530
128.116962 154.784037 91.077204 0.792740 0.267930 0.399530
128.054266 155.051131 90.864518 0.792740 0.267930 0.399530
127.986907 155.306090 90.639004 0.792740 0.267930 0.399530
127.917245 155.549971 90.402277 0.792740 0.267930 0.399530
127.847541 155.783855 90.155967 0.792740 0.267930 0.399530
127.778796 156.008554 89.901351 0.792740 0.267930 0.399530
127.710925 156.224637 89.639402 0.792740 0.267930 0.399530
127.643806 156.432644 89.371060 0.792740 0.267930 0.399530
127.577260 156.632802 89.096930 0.792740 0.267930 0.399530
127.511072 156.825126 88.817391 0.792740 0.267930 0.399530
127.445136 157.009666 88.532813 0.792740 0.267930 0.399530
127.380367 157.186830 88.243498 0.792740 0.267930 0.399530
127.318224 157.357217 87.949717 0.792740 0.267930 0.399530
127.260198 157.521412 87.651740 0.792740 0.267930 0.399530
127.207961 157.679880 87.349849 0.792740 0.267930 0.399530
127.163261 157.833040 87.044327 0.792740 0.267930 0.399530
127.127844 157.981307 86.735459 0.792740 0.267930 0.399530
127.103458 158.125099 86.423531 0.792740 0.267930 0.399530
127.091850 158.264832 86.108826 0.792740 0.267930 0.399530
100
129.700150 134.131912 97.914485 0.847500 0.211660 0.385410
129.742677 134.382997 97.749292 0.847500 0.211660 0.385410
129.783067 134.637169 97.587703 0.847500 0.211660 0.385410
129.820650 134.894719 97.430556 0.847500 0.211660 0.385410
129.854755 135.155940 97.278689 0.847500 0.211660 0.385410
129.884711 135.421123 97.132942 0.847500 0.211660 0.385410
129.909841 135.690542 96.994145 0.847500 0.211660 0.385410
129.929444 135.964318 96.863068 0.847500 0.211660 0.385410
129.942933 136.242416 96.740214 0.847500 0.211660 0.385410
129.949894 136.524588 96.625676 0.847500 0.211660 0.385410
129.949935 136.810379 96.519287 0.847500 0.211660 0.385410
129.942433 137.099301 96.421182 0.847500 0.211660 0.385410
129.926194 137.390885 96.332425 0.847500 0.211660 0.385410
129.900089 137.684659 96.254194 0.847500 0.211660 0.385410
129.863412 137.980157 96.187292 0.847500 0.211660 0.385410
129.818135 138.276875 96.129933 0.847500 0.211660 0.385410
129.767458 138.574311 96.079144 0.847500 0.211660 0.385410
129.714734 138.872051 96.031874 0.847500 0.211660 0.385410
129.662559 139.170013 95.986307 0.847500 0.211660 0.385410
129.612535 139.468373 95.942045 0.847500 0.211660 0.385410
129.565801 139.767286 95.899052 0.847500 0.211660 0.385410
129.523681 140.066841 95.856924 0.847500 0.211660 0.385410
129.487774 140.366965 95.814513 0.847500 0.211660 0.385410
129.459051 140.667576 95.771047 0.847500 0.211660 0.385410
129.438207 140.968594 95.725979 0.847500 0.211660 0.385410
129.424863 141.269948 95.679602 0.847500 0.211660 0.385410
129.418083 141.571561 95.632535 0.847500 0.211660 0.385410
129.416936 141.873343 95.585283 0.847500 0.211660 0.385410
129.420633 142.175204 95.537788 0.847500 0.211660 0.385410
129.428466 142.477079 95.489826 0.847500 0.211660 0.385410
129.439733 142.778872 95.441178 0.847500 0.211660 0.385410
129.453790 143.080437 95.391402 0.847500 0.211660 0.385410
129.470033 143.381627 95.339939 0.847500 0.211660 0.385410
129.488098 143.682299 95.286507 0.847500 0.211660 0.385410
129.507664 143.982329 95.230894 0.847500 0.211660 0.385410
129.528126 144.281676 95.172730 0.847500 0.211660 0.385410
129.549042 144.580389 95.111997 0.847500 0.211660 0.385410
129.570018 144.878530 95.048764 0.847500 0.211660 0.385410
129.590689 145.176186 94.983247 0.847500 0.211660 0.385410
129.610918 145.473438 94.915744 0.847500 0.211660 0.385410
129.630937 145.770284 94.846410 0.847500 0.211660 0.385410
129.650991 146.066670 94.775267 0.847500 0.211660 0.385410
129.671489 146.362558 94.702468 0.847500 0.211660 0.385410
129.692670 146.657902 94.628088 0.847500 0.211660 0.385410
129.714353 146.952676 94.552057 0.847500 0.211660 0.385410
129.736305 147.246909 94.474343 0.847500 0.211660 0.385410
129.758557 147.540556 94.394745 0.847500 0.211660 0.385410
129.781268 147.833517 94.312941 0.847500 0.211660 0.385410
129.804533 148.125765 94.228833 0.847500 0.211660 0.385410
129.828633 148.417546 94.143255 0.847500 0.211660 0.385410
129.853896 148.709146 94.057191 0.847500 0.211660 0.385410
129.880576 149.000551 93.970728 0.847500 0.211660 0.385410
129.908852 149.291445 93.883059 0.847500 0.211660 0.385410
129.938708 149.581509 93.793340 0.847500 0.211660 0.385410
129.969018 149.870460 93.700676 0.847500 0.211660 0.385410
129.998223 150.158018 93.604104 0.847500 0.211660 0.385410
130.024525 150.443788 93.502695 0.847500 0.211660 0.385410
130.045760 150.727194 93.395614 0.847500 0.211660 0.385410
130.060031 151.007653 93.282221 0.847500 0.211660 0.385410
130.066461 151.284389 93.162472 0.847500 0.211660 0.385410
130.064753 151.556496 93.036666 0.847500 0.211660 0.385410
130.055150 151.823309 92.905210 0.847500 0.211660 0.385410
130.039489 152.084903 92.768752 0.847500 0.211660 0.385410
130.019880 152.341489 92.627912 0.847500 0.211660 0.385410
129.998101 152.593332 92.482876 0.847500 0.211660 0.385410
129.975437 152.840734 92.333300 0.847500 0.211660 0.385410
129.952993 153.083923 92.178789 0.847500 0.211660 0.385410
129.930968 153.322663 92.018866 0.847500 0.211660 0.385410
129.908887 153.556385 91.852976 0.847500 0.211660 0.385410
129.885994 153.784443 91.680629 0.847500 0.211660 0.385410
129.861231 154.006152 91.501508 0.847500 0.211660 0.385410
129.834124 154.220889 91.315658 0.847500 0.211660 0.385410
129.804640 154.428172 91.123387 0.847500 0.211660 0.385410
129.772823 154.627604 90.925093 0.847500 0.211660 0.385410
129.739035 154.819058 90.721266 0.847500 0.211660 0.385410
129.703945 155.002849 90.512542 0.847500 0.211660 0.385410
129.668225 155.179346 90.299574 0.847500 0.211660 0.385410
129.632449 155.348968 90.082949 0.847500 0.211660 0.385410
129.596902 155.512160 89.863059 0.847500 0.211660 0.385410
129.561817 155.669336 89.640253 0.847500 0.211660 0.385410
129.527403 155.820757 89.414798 0.847500 0.211660 0.385410
129.493654 155.966455 89.186865 0.847500 0.211660 0.385410
129.460561 156.106254 88.956570 0.847500 0.211660 0.385410
129.428264 156.239738 88.724013 0.847500 0.211660 0.385410
129.396883 156.366456 88.489338 0.847500 0.211660 0.385410
129.366632 156.485685 88.252788 0.847500 0.211660 0.385410
129.337767 156.596503 88.014629 0.847500 0.211660 0.385410
129.310596 156.697917 87.775212 0.847500 0.211660 0.385410
129.286013 156.788656 87.535321 0.847500 0.211660 0.385410
129.265031 156.867398 87.295841 0.847500 0.211660 0.385410
129.248595 156.933539 87.057663 0.847500 0.211660 0.385410
129.237553 156.987339 86.821717 0.847500 0.211660 0.385410
129.232644 157.029241 86.588853 0.847500 0.211660 0.385410
129.233937 157.060590 86.359183 0.847500 0.211660 0.385410
129.240918 157.083096 86.132543 0.847500 0.211660 0.385410
129.252902 157.098222 85.908720 0.847500 0.211660 0.385410
129.269334 157.106914 85.687356 0.847500 0.211660 0.385410
129.289680 157.110051 85.468073 0.847500 0.211660 0.385410
129.313404 157.108512 85.250494 0.847500 0.211660 0.385410
129.339971 157.103175 85.034241 0.847500 0.211660 0.385410
100
125.260109 144.756256 95.080147 0.752440 0.355960 0.445230
125.320267 144.581781 95.093109 0.752440 0.355960 0.445230
125.382413 144.407458 95.103035 0.752440 0.355960 0.445230
125.445707 144.233127 95.110375 0.752440 0.355960 0.445230
125.509303 144.058629 95.115577 0.752440 0.355960 0.445230
125.572361 143.883804 95.119090 0.752440 0.355960 0.445230
125.634036 143.708492 95.121364 0.752440 0.355960 0.445230
125.693487 143.532534 95.122847 0.752440 0.355960 0.445230
125.749869 143.355770 95.123987 0.752440 0.355960 0.445230
125.802341 143.178041 95.125234 0.752440 0.355960 0.445230
125.850059 142.999186 95.127037 0.752440 0.355960 0.445230
125.892181 142.819046 95.129845 0.752440 0.355960 0.445230
125.928032 142.637536 95.134082 0.752440 0.355960 0.445230
125.957608 142.454866 95.140074 0.752440 0.355960 0.445230
125.981076 142.271323 95.148125 0.752440 0.355960 0.445230
125.998601 142.087192 95.158538 0.752440 0.355960 0.445230
126.010348 141.902757 95.171614 0.752440 0.355960 0.445230
126.016490 141.718301 95.187638 0.752440 0.355960 0.445230
126.017362 141.533978 95.206488 0.752440 0.355960 0.445230
126.013462 141.349822 95.227631 0.752440 0.355960 0.445230
126.005294 141.165860 95.250519 0.752440 0.355960 0.445230
125.993366 140.982120 95.274602 0.752440 0.355960 0.445230
125.978180 140.798630 95.299332 0.752440 0.355960 0.445230
125.960274 140.615391 95.324131 0.752440 0.355960 0.445230
125.940309 140.432300 95.348311 0.752440 0.355960 0.445230
125.918975 140.249228 95.371156 0.752440 0.355960 0.445230
125.896966 140.066046 95.391949 0.752440 0.355960 0.445230
125.874972 139.882627 95.409974 0.752440 0.355960 0.445230
125.853683 139.698844 95.424529 0.752440 0.355960 0.445230
125.833737 139.514672 95.435236 0.752440 0.355960 0.445230
125.815720 139.330182 95.442040 0.752440 0.355960 0.445230
125.800213 139.145452 95.444901 0.752440 0.355960 0.445230
125.787802 138.960557 95.443777 0.752440 0.355960 0.445230
125.779068 138.775574 95.438629 0.752440 0.355960 0.445230
125.774465 138.590578 95.429510 0.752440 0.355960 0.445230
125.773925 138.405639 95.416846 0.752440 0.355960 0.445230
125.777249 138.220828 95.401159 0.752440 0.355960 0.445230
125.784239 138.036213 95.382970 0.752440 0.355960 0.445230
125.794696 137.851864 95.362800 0.752440 0.355960 0.445230
125.808402 137.667846 95.341174 0.752440 0.355960 0.445230
125.824672 137.484113 95.318710 0.752440 0.355960 0.445230
125.842357 137.300507 95.296121 0.752440 0.355960 0.445230
125.860287 137.116868 95.274122 0.752440 0.355960 0.445230
125.877293 136.933033 95.253431 0.752440 0.355960 0.445230
125.892204 136.748840 95.234764 0.752440 0.355960 0.445230
125.904125 136.564171 95.218653 0.752440 0.355960 0.445230
125.913253 136.379084 95.204900 0.752440 0.355960 0.445230
125.920060 136.193676 95.193120 0.752440 0.355960 0.445230
125.925017 136.008049 95.182931 0.752440 0.355960 0.445230
125.928596 135.822303 95.173950 0.752440 0.355960 0.445230
125.931265 135.636535 95.165816 0.752440 0.355960 0.445230
125.933425 135.450810 95.158700 0.752440 0.355960 0.445230
125.935412 135.265156 95.153303 0.752440 0.355960 0.445230
125.937555 135.079601 95.150348 0.752440 0.355960 0.445230
125.940188 134.894170 95.150560 0.752440 0.355960 0.445230
125.943642 134.708893 95.154663 0.752440 0.355960 0.445230
125.948318 134.523826 95.163255 0.752440 0.355960 0.445230
125.954896 134.339154 95.176436 0.752440 0.355960 0.445230
125.964126 134.155089 95.194180 0.752440 0.355960 0.445230
125.976760 133.971846 95.216463 0.752440 0.355960 0.445230
125.993546 133.789638 95.243257 0.752440 0.355960 0.445230
126.015198 133.608673 95.274530 0.752440 0.355960 0.445230
126.041564 133.428986 95.310039 0.752440 0.355960 0.445230
126.071628 133.250441 95.349335 0.752440 0.355960 0.445230
126.104337 133.072895 95.391959 0.752440 0.355960 0.445230
126.138638 132.896206 95.437453 0.752440 0.355960 0.445230
126.173477 132.720230 95.485359 0.752440 0.355960 0.445230
126.207880 132.544824 95.535263 0.752440 0.355960 0.445230
126.241190 132.369844 95.586932 0.752440 0.355960 0.445230
126.272826 132.195146 95.640177 0.752440 0.355960 0.445230
126.302210 132.020584 95.694811 0.752440 0.355960 0.445230
126.328763 131.846015 95.750646 0.752440 0.355960 0.445230
126.351914 131.671300 95.807498 0.752440 0.355960 0.445230
126.371283 131.496444 95.865340 0.752440 0.355960 0.445230
126.386683 131.321597 95.924292 0.752440 0.355960 0.445230
126.397933 131.146914 95.984484 0.752440 0.355960 0.445230
126.404853 130.972550 96.046044 0.752440 0.355960 0.445230
126.407265 130.798660 96.109100 0.752440 0.355960 0.445230
126.405039 130.625393 96.173757 0.752440 0.355960 0.445230
126.398250 130.452871 96.240020 0.752440 0.355960 0.445230
126.387026 130.281206 96.307869 0.752440 0.355960 0.445230
126.371491 130.110515 96.377286 0.752440 0.355960 0.445230
126.351773 129.940911 96.448250 0.752440 0.355960 0.445230
126.328004 129.772503 96.520739 0.752440 0.355960 0.445230
126.300451 129.605299 96.594652 0.752440 0.355960 0.445230
126.269515 129.439198 96.669811 0.752440 0.355960 0.445230
126.235605 129.274098 96.746033 0.752440 0.355960 0.445230
126.199128 129.109896 96.823137 0.752440 0.355960 0.445230
126.160492 128.946487 96.900940 0.752440 0.355960 0.445230
126.120129 128.783749 96.979258 0.752440 0.355960 0.445230
126.078568 128.621477 97.057894 0.752440 0.355960 0.445230
126.036362 128.459447 97.136649 0.752440 0.355960 0.445230
125.994062 128.297434 97.215323 0.752440 0.355960 0.445230
125.952223 128.135213 97.293718 0.752440 0.355960 0.445230
125.911395 127.972560 97.371633 0.752440 0.355960 0.445230
125.872133 127.809251 97.448870 0.752440 0.355960 0.445230
125.834989 127.645059 97.525230 0.752440 0.355960 0.445230
125.800516 127.479762 97.600512 0.752440 0.355960 0.445230
125.769265 127.313134 97.674517 0.752440 0.355960 0.445230
125.741791 127.144951 97.747047 0.752440 0.355960 0.445230
100
110.754593 136.417709 96.456047 0.802400 0.210820 0.580730
110.599630 136.662111 96.385816 0.802400 0.210820 0.580730
110.461188 136.915589 96.316885 0.802400 0.210820 0.580730
110.336047 137.176471 96.249388 0.802400 0.210820 0.580730
110.220992 137.443084 96.183460 0.802400 0.210820 0.580730
110.112806 137.713753 96.119237 0.802400 0.210820 0.580730
110.008270 137.986808 96.056854 0.802400 0.210820 0.580730
109.904172 138.260575 95.996445 0.802400 0.210820 0.580730
109.798480 138.533934 95.937898 0.802400 0.210820 0.580730
109.692010 138.807093 95.880507 0.802400 0.210820 0.580730
109.585998 139.080455 95.823478 0.802400 0.210820 0.580730
109.481627 139.354414 95.766116 0.802400 0.210820 0.580730
109.379608 139.629267 95.708589 0.802400 0.210820 0.580730
109.280418 139.905268 95.651490 0.802400 0.210820 0.580730
109.184529 140.182664 95.595417 0.802400 0.210820 0.580730
109.092208 140.461589 95.540769 0.802400 0.210820 0.580730
109.003417 140.741997 95.487658 0.802400 0.210820 0.580730
108.918096 141.023832 95.436167 0.802400 0.210820 0.580730
108.836259 141.307041 95.386320 0.802400 0.210820 0.580730
108.758305 141.591602 95.337830 0.802400 0.210820 0.580730
108.684751 141.877506 95.290317 0.802400 0.210820 0.580730
108.616111 142.164741 95.243411 0.802400 0.210820 0.580730
108.552857 142.453296 95.196992 0.802400 0.210820 0.580730
108.495421 142.743158 95.151175 0.802400 0.210820 0.580730
108.444233 143.034314 95.106083 0.802400 0.210820 0.580730
108.399634 143.326717 95.061807 0.802400 0.210820 0.580730
108.361708 143.620214 95.018342 0.802400 0.210820 0.580730
108.330492 143.914633 94.975660 0.802400 0.210820 0.580730
108.305993 144.209805 94.933750 0.802400 0.210820 0.580730
108.287912 144.505590 94.892723 0.802400 0.210820 0.580730
108.275767 144.801866 94.852769 0.802400 0.210820 0.580730
108.269063 145.098510 94.814080 0.802400 0.210820 0.580730
108.266697 145.395448 94.776900 0.802400 0.210820 0.580730
108.266454 145.692694 94.741576 0.802400 0.210820 0.580730
108.266008 145.990270 94.708460 0.802400 0.210820 0.580730
108.262951 146.288132 94.677721 0.802400 0.210820 0.580730
108.254404 146.585845 94.648384 0.802400 0.210820 0.580730
108.237314 146.882822 94.619042 0.802400 0.210820 0.580730
108.208659 147.178468 94.588288 0.802400 0.210820 0.580730
108.166508 147.471908 94.554558 0.802400 0.210820 0.580730
108.110173 147.761941 94.516121 0.802400 0.210820 0.580730
108.039034 148.047349 94.471234 0.802400 0.210820 0.580730
107.952904 148.327178 94.418772 0.802400 0.210820 0.580730
107.853161 148.601418 94.359849 0.802400 0.210820 0.580730
107.741538 148.870273 94.296079 0.802400 0.210820 0.580730
107.619786 149.134000 94.229096 0.802400 0.210820 0.580730
107.489956 149.393586 94.160782 0.802400 0.210820 0.580730
107.354315 149.650551 94.093196 0.802400 0.210820 0.580730
107.215135 149.906425 94.028404 0.802400 0.210820 0.580730
107.074655 150.162601 93.967823 0.802400 0.210820 0.580730
106.935036 150.420169 93.911469 0.802400 0.210820 0.580730
106.798433 150.680179 93.859169 0.802400 0.210820 0.580730
106.666922 150.943601 93.810688 0.802400 0.210820 0.580730
106.542021 151.210804 93.765305 0.802400 0.210820 0.580730
106.424985 151.481884 93.722077 0.802400 0.210820 0.580730
106.317061 151.756928 93.680073 0.802400 0.210820 0.580730
106.219050 152.035867 93.638904 0.802400 0.210820 0.580730
106.131141 152.318411 93.598928 0.802400 0.210820 0.580730
106.053480 152.604254 93.560555 0.802400 0.210820 0.580730
105.986206 152.893089 93.524362 0.802400 0.210820 0.580730
105.929423 153.184605 93.491668 0.802400 0.210820 0.580730
105.883228 153.478489 93.463998 0.802400 0.210820 0.580730
105.847734 153.774418 93.442865 0.802400 0.210820 0.580730
105.823382 154.071859 93.429593 0.802400 0.210820 0.580730
105.810897 154.370098 93.425337 0.802400 0.210820 0.580730
105.811011 154.668414 93.431248 0.802400 0.210820 0.580730
105.824592 154.965986 93.447877 0.802400 0.210820 0.580730
105.852854 155.261733 93.474175 0.802400 0.210820 0.580730
105.897071 155.554527 93.508834 0.802400 0.210820 0.580730
105.958469 155.843237 93.550436 0.802400 0.210820 0.580730
106.037824 156.126674 93.596556 0.802400 0.210820 0.580730
106.135666 156.403619 93.644210 0.802400 0.210820 0.580730
106.252509 156.672854 93.690423 0.802400 0.210820 0.580730
106.388142 156.933417 93.733249 0.802400 0.210820 0.580730
106.541149 157.184763 93.772447 0.802400 0.210820 0.580730
106.710006 157.426386 93.807931 0.802400 0.210820 0.580730
106.893210 157.657837 93.839657 0.802400 0.210820 0.580730
107.089408 157.878980 93.867810 0.802400 0.210820 0.580730
107.297292 158.089781 93.892649 0.802400 0.210820 0.580730
107.515547 158.290231 93.914362 0.802400 0.210820 0.580730
107.742621 158.480865 93.931327 0.802400 0.210820 0.580730
107.976718 158.662790 93.940031 0.802400 0.210820 0.580730
108.216028 158.837137 93.936873 0.802400 0.210820 0.580730
108.458617 159.005181 93.918789 0.802400 0.210820 0.580730
108.702136 159.168649 93.884471 0.802400 0.210820 0.580730
108.944152 159.329365 93.832967 0.802400 0.210820 0.580730
109.182326 159.489090 93.763492 0.802400 0.210820 0.580730
109.415426 159.648868 93.677273 0.802400 0.210820 0.580730
109.642965 159.809266 93.576876 0.802400 0.210820 0.580730
109.864466 159.970840 93.464888 0.802400 0.210820 0.580730
110.079692 160.134021 93.343508 0.802400 0.210820 0.580730
110.288882 160.298995 93.214157 0.802400 0.210820 0.580730
110.492330 160.465916 93.078166 0.802400 0.210820 0.580730
110.690292 160.634897 92.936739 0.802400 0.210820 0.580730
110.882785 160.805759 92.790202 0.802400 0.210820 0.580730
111.069722 160.978205 92.638523 0.802400 0.210820 0.580730
111.251019 161.151935 92.481667 0.802400 0.210820 0.580730
111.426589 161.326653 92.319598 0.802400 0.210820 0.580730
111.596347 161.502059 92.152282 0.802400 0.210820 0.580730
111.760208 161.677856 91.979683 0.802400 0.210820 0.580730
100
125.927635 123.459908 97.486900 0.770000 0.289020 0.416190
125.926015 123.837375 97.381321 0.770000 0.289020 0.416190
125.927887 124.216007 97.281189 0.770000 0.289020 0.416190
125.932422 124.595773 97.185762 0.770000 0.289020 0.416190
125.938788 124.976640 97.094299 0.770000 0.289020 0.416190
125.946154 125.358576 97.006059 0.770000 0.289020 0.416190
125.954345 125.741253 96.919581 0.770000 0.289020 0.416190
125.968195 126.122066 96.827915 0.770000 0.289020 0.416190
125.994838 126.497370 96.721596 0.770000 0.289020 0.416190
126.037279 126.865461 96.596373 0.770000 0.289020 0.416190
126.088872 127.229180 96.460195 0.770000 0.289020 0.416190
126.141911 127.591872 96.322339 0.770000 0.289020 0.416190
126.193814 127.954547 96.185478 0.770000 0.289020 0.416190
126.246167 128.316321 96.046909 0.770000 0.289020 0.416190
126.299767 128.676691 95.904795 0.770000 0.289020 0.416190
126.351471 129.037050 95.761729 0.770000 0.289020 0.416190
126.397092 129.399292 95.621471 0.770000 0.289020 0.416190
126.433407 129.764547 95.486528 0.770000 0.289020 0.416190
126.458556 130.132870 95.357638 0.770000 0.289020 0.416190
126.470915 130.504167 95.235298 0.770000 0.289020 0.416190
126.469971 130.877790 95.119125 0.770000 0.289020 0.416190
126.455763 131.252812 95.008298 0.770000 0.289020 0.416190
126.428856 131.628518 94.902077 0.770000 0.289020 0.416190
126.391131 132.004721 94.799924 0.770000 0.289020 0.416190
126.344864 132.381354 94.701439 0.770000 0.289020 0.416190
126.295920 132.758964 94.608075 0.770000 0.289020 0.416190
126.253292 133.138645 94.522904 0.770000 0.289020 0.416190
126.224817 133.521291 94.448753 0.770000 0.289020 0.416190
126.212440 133.906793 94.387064 0.770000 0.289020 0.416190
126.216318 134.294743 94.338850 0.770000 0.289020 0.416190
126.233197 134.684624 94.303961 0.770000 0.289020 0.416190
126.254657 135.075744 94.280486 0.770000 0.289020 0.416190
126.272306 135.467431 94.266449 0.770000 0.289020 0.416190
126.281932 135.859338 94.260596 0.770000 0.289020 0.416190
126.281561 136.251291 94.262062 0.770000 0.289020 0.416190
126.270562 136.643148 94.269879 0.770000 0.289020 0.416190
126.251898 137.034848 94.282785 0.770000 0.289020 0.416190
126.229179 137.426352 94.299413 0.770000 0.289020 0.416190
126.206854 137.817756 94.317206 0.770000 0.289020 0.416190
126.190162 138.209282 94.332491 0.770000 0.289020 0.416190
126.183745 138.601074 94.341869 0.770000 0.289020 0.416190
126.189058 138.992849 94.343529 0.770000 0.289020 0.416190
126.206518 139.384194 94.336189 0.770000 0.289020 0.416190
126.234298 139.774948 94.320066 0.770000 0.289020 0.416190
126.266922 140.165350 94.297820 0.770000 0.289020 0.416190
126.298623 140.555683 94.272381 0.770000 0.289020 0.416190
126.324031 140.946241 94.247114 0.770000 0.289020 0.416190
126.338007 141.337328 94.225632 0.770000 0.289020 0.416190
126.335843 141.728870 94.210863 0.770000 0.289020 0.416190
126.314076 142.119688 94.203706 0.770000 0.289020 0.416190
126.269555 142.508396 94.204590 0.770000 0.289020 0.416190
126.201074 142.893601 94.211566 0.770000 0.289020 0.416190
126.109374 143.273895 94.220310 0.770000 0.289020 0.416190
125.996431 143.648405 94.226535 0.770000 0.289020 0.416190
125.870565 144.019194 94.226721 0.770000 0.289020 0.416190
125.742255 144.389326 94.217632 0.770000 0.289020 0.416190
125.621530 144.761311 94.197512 0.770000 0.289020 0.416190
125.517621 145.136697 94.167186 0.770000 0.289020 0.416190
125.439221 145.516763 94.127787 0.770000 0.289020 0.416190
125.390001 145.900882 94.080968 0.770000 0.289020 0.416190
125.370536 146.287257 94.028704 0.770000 0.289020 0.416190
125.381128 146.673888 93.972581 0.770000 0.289020 0.416190
125.421348 147.058183 93.912952 0.770000 0.289020 0.416190
125.490543 147.437491 93.849929 0.770000 0.289020 0.416190
125.585927 147.810538 93.783756 0.770000 0.289020 0.416190
125.702428 148.177535 93.714815 0.770000 0.289020 0.416190
125.834391 148.539050 93.643308 0.770000 0.289020 0.416190
125.973337 148.897375 93.568299 0.770000 0.289020 0.416190
126.109772 149.255430 93.488443 0.770000 0.289020 0.416190
126.236682 149.615254 93.402674 0.770000 0.289020 0.416190
126.351713 149.977238 93.310461 0.770000 0.289020 0.416190
126.453252 150.341531 93.211393 0.770000 0.289020 0.416190
126.542457 150.707551 93.105776 0.770000 0.289020 0.416190
126.622313 151.074230 92.994396 0.770000 0.289020 0.416190
126.695491 151.440620 92.877829 0.770000 0.289020 0.416190
126.763477 151.806204 92.755923 0.770000 0.289020 0.416190
126.827440 152.170556 92.628350 0.770000 0.289020 0.416190
126.886618 152.533240 92.494269 0.770000 0.289020 0.416190
126.938038 152.893807 92.352248 0.770000 0.289020 0.416190
126.978616 153.251640 92.200745 0.770000 0.289020 0.416190
127.005361 153.605021 92.037711 0.770000 0.289020 0.416190
127.015331 153.951796 91.860896 0.770000 0.289020 0.416190
127.007577 154.289677 91.668363 0.770000 0.289020 0.416190
126.985167 154.616117 91.458799 0.770000 0.289020 0.416190
126.951649 154.928636 91.231081 0.770000 0.289020 0.416190
126.910540 155.226113 90.985604 0.770000 0.289020 0.416190
126.865334 155.508393 90.723834 0.770000 0.289020 0.416190
126.818924 155.775604 90.447407 0.770000 0.289020 0.416190
126.771969 156.028873 90.158486 0.770000 0.289020 0.416190
126.724605 156.269552 89.859347 0.770000 0.289020 0.416190
126.676767 156.498934 89.551869 0.770000 0.289020 0.416190
126.628135 156.718235 89.237448 0.770000 0.289020 0.416190
126.578505 156.928681 88.917399 0.770000 0.289020 0.416190
126.528567 157.131586 88.592704 0.770000 0.289020 0.416190
126.479399 157.328307 88.264199 0.770000 0.289020 0.416190
126.432285 157.520404 87.932775 0.770000 0.289020 0.416190
126.388958 157.709890 87.599449 0.770000 0.289020 0.416190
126.351208 157.898838 87.265250 0.770000 0.289020 0.416190
126.320828 158.089317 86.931209 0.770000 0.289020 0.416190
126.299606 158.283401 86.598358 0.770000 0.289020 0.416190
100
112.906200 136.347363 94.824444 0.727180 0.348010 0.562920
112.925841 136.407169 94.787897 0.727180 0.348010 0.562920
112.941563 136.466883 94.751730 0.727180 0.348010 0.562920
112.953435 136.526392 94.715853 0.727180 0.348010 0.562920
112.961527 136.585584 94.680175 0.727180 0.348010 0.562920
112.965908 136.644349 94.644606 0.727180 0.348010 0.562920
112.966646 136.702574 94.609056 0.727180 0.348010 0.562920
112.963803 136.760155 94.573461 0.727180 0.348010 0.562920
112.957302 136.817078 94.538152 0.727180 0.348010 0.562920
112.946968 136.873395 94.503749 0.727180 0.348010 0.562920
112.932624 136.929162 94.470886 0.727180 0.348010 0.562920
112.914106 136.984423 94.440385 0.727180 0.348010 0.562920
112.891274 137.039180 94.413214 0.727180 0.348010 0.562920
112.863993 137.093413 94.390285 0.727180 0.348010 0.562920
112.832258 137.147078 94.372343 0.727180 0.348010 0.562920
112.796336 137.200090 94.359793 0.727180 0.348010 0.562920
112.756525 137.252360 94.352994 0.727180 0.348010 0.562920
112.713283 137.303855 94.352093 0.727180 0.348010 0.562920
112.667480 137.354726 94.356606 0.727180 0.348010 0.562920
112.620064 137.405166 94.365921 0.727180 0.348010 0.562920
112.571993 137.455384 94.379419 0.727180 0.348010 0.562920
112.524295 137.505716 94.396423 0.727180 0.348010 0.562920
112.477988 137.556541 94.416209 0.727180 0.348010 0.562920
112.433962 137.608187 94.438010 0.727180 0.348010 0.562920
112.392609 137.660788 94.461230 0.727180 0.348010 0.562920
112.353988 137.714343 94.485398 0.727180 0.348010 0.562920
112.318139 137.768843 94.510038 0.727180 0.348010 0.562920
112.284583 137.824116 94.534521 0.727180 0.348010 0.562920
112.252034 137.879768 94.558066 0.727180 0.348010 0.562920
112.219098 137.935382 94.579894 0.727180 0.348010 0.562920
112.184702 137.990622 94.599150 0.727180 0.348010 0.562920
112.148389 138.045312 94.614832 0.727180 0.348010 0.562920
112.109773 138.099296 94.625928 0.727180 0.348010 0.562920
112.068835 138.152549 94.631673 0.727180 0.348010 0.562920
112.026681 138.205366 94.631991 0.727180 0.348010 0.562920
111.984642 138.258100 94.626945 0.727180 0.348010 0.562920
111.943875 138.311070 94.616693 0.727180 0.348010 0.562920
111.904528 138.364389 94.601974 0.727180 0.348010 0.562920
111.866622 138.418117 94.583748 0.727180 0.348010 0.562920
111.830327 138.472317 94.562973 0.727180 0.348010 0.562920
111.794796 138.526844 94.540482 0.727180 0.348010 0.562920
111.758544 138.581416 94.517031 0.727180 0.348010 0.562920
111.720101 138.635758 94.493367 0.727180 0.348010 0.562920
111.678667 138.689712 94.470090 0.727180 0.348010 0.562920
111.634200 138.743235 94.447624 0.727180 0.348010 0.562920
111.586711 138.796288 94.426380 0.727180 0.348010 0.562920
111.536656 138.848911 94.406640 0.727180 0.348010 0.562920
111.485272 138.901285 94.388462 0.727180 0.348010 0.562920
111.433811 138.953609 94.371887 0.727180 0.348010 0.562920
111.383259 139.006080 94.356994 0.727180 0.348010 0.562920
111.334295 139.058845 94.343916 0.727180 0.348010 0.562920
111.287549 139.112044 94.332798 0.727180 0.348010 0.562920
111.243578 139.165786 94.323784 0.727180 0.348010 0.562920
111.202527 139.220041 94.316941 0.727180 0.348010 0.562920
111.164300 139.274786 94.311925 0.727180 0.348010 0.562920
111.128776 139.330023 94.308211 0.727180 0.348010 0.562920
111.096022 139.385796 94.304902 0.727180 0.348010 0.562920
111.066213 139.442173 94.300881 0.727180 0.348010 0.562920
111.039496 139.499219 94.295101 0.727180 0.348010 0.562920
111.015835 139.556964 94.287236 0.727180 0.348010 0.562920
110.995159 139.615444 94.277384 0.727180 0.348010 0.562920
110.977398 139.674696 94.265651 0.727180 0.348010 0.562920
110.962323 139.734711 94.252333 0.727180 0.348010 0.562920
110.949466 139.795411 94.238019 0.727180 0.348010 0.562920
110.938780 139.856792 94.222854 0.727180 0.348010 0.562920
110.930327 139.918864 94.206580 0.727180 0.348010 0.562920
110.923197 139.981429 94.189170 0.727180 0.348010 0.562920
110.916311 140.044257 94.170644 0.727180 0.348010 0.562920
110.908654 140.107114 94.150929 0.727180 0.348010 0.562920
110.899410 140.169722 94.129751 0.727180 0.348010 0.562920
110.887629 140.231715 94.107169 0.727180 0.348010 0.562920
110.872407 140.292723 94.083258 0.727180 0.348010 0.562920
110.853465 140.352409 94.057769 0.727180 0.348010 0.562920
110.830856 140.410453 94.030282 0.727180 0.348010 0.562920
110.804640 140.466547 94.000369 0.727180 0.348010 0.562920
110.774994 140.520540 93.968108 0.727180 0.348010 0.562920
110.742200 140.572409 93.934119 0.727180 0.348010 0.562920
110.706544 140.622140 93.899048 0.727180 0.348010 0.562920
110.668349 140.669884 93.863831 0.727180 0.348010 0.562920
110.627985 140.716042 93.829820 0.727180 0.348010 0.562920
110.585800 140.761074 93.798371 0.727180 0.348010 0.562920
110.542744 140.805770 93.770768 0.727180 0.348010 0.562920
110.501292 140.851704 93.748141 0.727180 0.348010 0.562920
110.464155 140.900565 93.731601 0.727180 0.348010 0.562920
110.433311 140.953586 93.721901 0.727180 0.348010 0.562920
110.407479 141.010012 93.718216 0.727180 0.348010 0.562920
110.384451 141.068561 93.719280 0.727180 0.348010 0.562920
110.362336 141.128125 93.723974 0.727180 0.348010 0.562920
110.341801 141.189011 93.732345 0.727180 0.348010 0.562920
110.324744 141.252201 93.744998 0.727180 0.348010 0.562920
110.313037 141.318599 93.762388 0.727180 0.348010 0.562920
110.307172 141.388328 93.784797 0.727180 0.348010 0.562920
110.306459 141.460912 93.812504 0.727180 0.348010 0.562920
110.310185 141.535859 93.845795 0.727180 0.348010 0.562920
110.317860 141.612790 93.885010 0.727180 0.348010 0.562920
110.329303 141.691483 93.930572 0.727180 0.348010 0.562920
110.344353 141.771724 93.982908 0.727180 0.348010 0.562920
110.362851 141.853301 94.042445 0.727180 0.348010 0.562920
110.384635 141.935999 94.109612 0.727180 0.348010 0.562920
110.409546 142.019608 94.184834 0.727180 0.348010 0.562920
100
124.287971 113.267273 95.508484 0.621840 0.408990 0.429710
124.292517 113.463413 95.505262 0.621840 0.408990 0.429710
124.296769 113.659555 95.502676 0.621840 0.408990 0.429710
124.300773 113.855700 95.500623 0.621840 0.408990 0.429710
124.304576 114.051847 95.499003 0.621840 0.408990 0.429710
124.308223 114.247996 95.497714 0.621840 0.408990 0.429710
124.311760 114.444148 95.496655 0.621840 0.408990 0.429710
124.315235 114.640304 95.495725 0.621840 0.408990 0.429710
124.318693 114.836462 95.494822 0.621840 0.408990 0.429710
124.322181 115.032624 95.493846 0.621840 0.408990 0.429710
124.325744 115.228789 95.492695 0.621840 0.408990 0.429710
124.329436 115.424957 95.491260 0.621840 0.408990 0.429710
124.333423 115.621110 95.489300 0.621840 0.408990 0.429710
124.337960 115.817219 95.486465 0.621840 0.408990 0.429710
124.343308 116.013251 95.482405 0.621840 0.408990 0.429710
124.349725 116.209175 95.476768 0.621840 0.408990 0.429710
124.357468 116.404962 95.469207 0.621840 0.408990 0.429710
124.366687 116.600580 95.459530 0.621840 0.408990 0.429710
124.377376 116.796004 95.447773 0.621840 0.408990 0.429710
124.389520 116.991205 95.433987 0.621840 0.408990 0.429710
124.403101 117.186157 95.418222 0.621840 0.408990 0.429710
124.418105 117.380832 95.400531 0.621840 0.408990 0.429710
124.434422 117.575223 95.381011 0.621840 0.408990 0.429710
124.451714 117.769375 95.359880 0.621840 0.408990 0.429710
124.469609 117.963341 95.337374 0.621840 0.408990 0.429710
124.487732 118.157171 95.313728 0.621840 0.408990 0.429710
124.505710 118.350919 95.289178 0.621840 0.408990 0.429710
124.523162 118.544635 95.263958 0.621840 0.408990 0.429710
124.539676 118.738363 95.238300 0.621840 0.408990 0.429710
124.554832 118.932146 95.212435 0.621840 0.408990 0.429710
124.568207 119.126024 95.186594 0.621840 0.408990 0.429710
124.579380 119.320039 95.161006 0.621840 0.408990 0.429710
124.587962 119.514228 95.135874 0.621840 0.408990 0.429710
124.593839 119.708565 95.111152 0.621840 0.408990 0.429710
124.597049 119.902996 95.086654 0.621840 0.408990 0.429710
124.597631 120.097465 95.062199 0.621840 0.408990 0.429710
124.595624 120.291917 95.037602 0.621840 0.408990 0.429710
124.591076 120.486295 95.012677 0.621840 0.408990 0.429710
124.584226 120.680553 94.987214 0.621840 0.408990 0.429710
124.575494 120.874654 94.960976 0.621840 0.408990 0.429710
124.565305 121.068558 94.933725 0.621840 0.408990 0.429710
124.554086 121.262228 94.905223 0.621840 0.408990 0.429710
124.542262 121.455627 94.875237 0.621840 0.408990 0.429710
124.530200 121.648737 94.843647 0.621840 0.408990 0.429710
124.518172 121.841579 94.810533 0.621840 0.408990 0.429710
124.506444 122.034175 94.775986 0.621840 0.408990 0.429710
124.495280 122.226547 94.740103 0.621840 0.408990 0.429710
124.484944 122.418719 94.702976 0.621840 0.408990 0.429710
124.475628 122.610711 94.664708 0.621840 0.408990 0.429710
124.467316 122.802540 94.625419 0.621840 0.408990 0.429710
124.459952 122.994223 94.585235 0.621840 0.408990 0.429710
124.453479 123.185776 94.544280 0.621840 0.408990 0.429710
124.447843 123.377216 94.502679 0.621840 0.408990 0.429710
124.442969 123.568558 94.460546 0.621840 0.408990 0.429710
124.438681 123.759804 94.417932 0.621840 0.408990 0.429710
124.434771 123.950957 94.374865 0.621840 0.408990 0.429710
124.431028 124.142015 94.331376 0.621840 0.408990 0.429710
124.427241 124.332980 94.287494 0.621840 0.408990 0.429710
124.423210 124.523850 94.243243 0.621840 0.408990 0.429710
124.418822 124.714608 94.198575 0.621840 0.408990 0.429710
124.414019 124.905226 94.153402 0.621840 0.408990 0.429710
124.408743 125.095679 94.107634 0.621840 0.408990 0.429710
124.402938 125.285937 94.061183 0.621840 0.408990 0.429710
124.396555 125.475975 94.013958 0.621840 0.408990 0.429710
124.389748 125.665770 93.965868 0.621840 0.408990 0.429710
124.382891 125.855306 93.916820 0.621840 0.408990 0.429710
124.376369 126.044568 93.866719 0.621840 0.408990 0.429710
124.370566 126.233541 93.815473 0.621840 0.408990 0.429710
124.365866 126.422208 93.762987 0.621840 0.408990 0.429710
124.362727 126.610537 93.709218 0.621840 0.408990 0.429710
124.361736 126.798467 93.654218 0.621840 0.408990 0.429710
124.363498 126.985932 93.598048 0.621840 0.408990 0.429710
124.368616 127.172869 93.540768 0.621840 0.408990 0.429710
124.377692 127.359211 93.482440 0.621840 0.408990 0.429710
124.391153 127.544921 93.423168 0.621840 0.408990 0.429710
124.408816 127.730054 93.363206 0.621840 0.408990 0.429710
124.430368 127.914686 93.302839 0.621840 0.408990 0.429710
124.455496 128.098893 93.242352 0.621840 0.408990 0.429710
124.483887 128.282749 93.182030 0.621840 0.408990 0.429710
124.515162 128.466344 93.122150 0.621840 0.408990 0.429710
124.548522 128.649855 93.062935 0.621840 0.408990 0.429710
124.582997 128.833492 93.004587 0.621840 0.408990 0.429710
124.617618 129.017468 92.947308 0.621840 0.408990 0.429710
124.651416 129.201993 92.891299 0.621840 0.408990 0.429710
124.683431 129.387271 92.836753 0.621840 0.408990 0.429710
124.712842 129.573379 92.783737 0.621840 0.408990 0.429710
124.738925 129.760307 92.732232 0.621840 0.408990 0.429710
124.760959 129.948045 92.682214 0.621840 0.408990 0.429710
124.778221 130.136581 92.633663 0.621840 0.408990 0.429710
124.789997 130.325901 92.586556 0.621840 0.408990 0.429710
124.795805 130.515883 92.540864 0.621840 0.408990 0.429710
124.795448 130.706276 92.496550 0.621840 0.408990 0.429710
124.788748 130.896820 92.453579 0.621840 0.408990 0.429710
124.775528 131.087255 92.411911 0.621840 0.408990 0.429710
124.755609 131.277320 92.371511 0.621840 0.408990 0.429710
124.728813 131.466757 92.332342 0.621840 0.408990 0.429710
124.694961 131.655304 92.294365 0.621840 0.408990 0.429710
124.653877 131.842703 92.257545 0.621840 0.408990 0.429710
124.605380 132.028692 92.221844 0.621840 0.408990 0.429710
124.549294 132.213013 92.187225 0.621840 0.408990 0.429710
100
113.901024 126.200592 95.735115 0.731810 0.285860 0.578190
113.830791 126.554021 95.646694 0.731810 0.285860 0.578190
113.760331 126.907429 95.557816 0.731810 0.285860 0.578190
113.688236 127.260877 95.470413 0.731810 0.285860 0.578190
113.613100 127.614424 95.386412 0.731810 0.285860 0.578190
113.533515 127.968132 95.307743 0.731810 0.285860 0.578190
113.448097 128.322052 95.236332 0.731810 0.285860 0.578190
113.355959 128.676032 95.174024 0.731810 0.285860 0.578190
113.256721 129.029722 95.122582 0.731810 0.285860 0.578190
113.150037 129.382738 95.083634 0.731810 0.285860 0.578190
113.035727 129.734505 95.057641 0.731810 0.285860 0.578190
112.913689 130.084351 95.044464 0.731810 0.285860 0.578190
112.784198 130.431802 95.043524 0.731810 0.285860 0.578190
112.649024 130.777192 95.052507 0.731810 0.285860 0.578190
112.510312 131.121055 95.068667 0.731810 0.285860 0.578190
112.370287 131.464087 95.089668 0.731810 0.285860 0.578190
112.231337 131.807297 95.113970 0.731810 0.285860 0.578190
112.095800 132.151699 95.140154 0.731810 0.285860 0.578190
111.964461 132.497672 95.167433 0.731810 0.285860 0.578190
111.836554 132.844955 95.195660 0.731810 0.285860 0.578190
111.711011 133.193168 95.224535 0.731810 0.285860 0.578190
111.584722 133.541160 95.252227 0.731810 0.285860 0.578190
111.453522 133.887375 95.276115 0.731810 0.285860 0.578190
111.313953 134.230430 95.293351 0.731810 0.285860 0.578190
111.165411 134.569629 95.300213 0.731810 0.285860 0.578190
111.008019 134.904455 95.292776 0.731810 0.285860 0.578190
110.843868 135.235354 95.268949 0.731810 0.285860 0.578190
110.678866 135.564637 95.230212 0.731810 0.285860 0.578190
110.519247 135.894789 95.178474 0.731810 0.285860 0.578190
110.368609 136.227350 95.116210 0.731810 0.285860 0.578190
110.227917 136.562914 95.046456 0.731810 0.285860 0.578190
110.097613 136.901876 94.972159 0.731810 0.285860 0.578190
109.974608 137.243248 94.895284 0.731810 0.285860 0.578190
109.853989 137.585327 94.817291 0.731810 0.285860 0.578190
109.731484 137.926653 94.739485 0.731810 0.285860 0.578190
109.605429 138.266759 94.662573 0.731810 0.285860 0.578190
109.474821 138.605427 94.587111 0.731810 0.285860 0.578190
109.339626 138.942711 94.513289 0.731810 0.285860 0.578190
109.201690 139.279190 94.440593 0.731810 0.285860 0.578190
109.063046 139.615496 94.368438 0.731810 0.285860 0.578190
108.925035 139.952094 94.296554 0.731810 0.285860 0.578190
108.788310 140.289280 94.224983 0.731810 0.285860 0.578190
108.653471 140.627343 94.153826 0.731810 0.285860 0.578190
108.520954 140.966546 94.083577 0.731810 0.285860 0.578190
108.391106 141.307144 94.014931 0.731810 0.285860 0.578190
108.264424 141.649423 93.948571 0.731810 0.285860 0.578190
108.142006 141.993808 93.885122 0.731810 0.285860 0.578190
108.025098 142.340755 93.825194 0.731810 0.285860 0.578190
107.914750 142.690584 93.769363 0.731810 0.285860 0.578190
107.811627 143.043342 93.718139 0.731810 0.285860 0.578190
107.716305 143.399035 93.672019 0.731810 0.285860 0.578190
107.628264 143.757376 93.631346 0.731810 0.285860 0.578190
107.545894 144.117788 93.596306 0.731810 0.285860 0.578190
107.467431 144.479661 93.567046 0.731810 0.285860 0.578190
107.390206 144.842234 93.543396 0.731810 0.285860 0.578190
107.311081 145.204666 93.525024 0.731810 0.285860 0.578190
107.227185 145.566161 93.511313 0.731810 0.285860 0.578190
107.136722 145.926105 93.500510 0.731810 0.285860 0.578190
107.038163 146.283927 93.490573 0.731810 0.285860 0.578190
106.930196 146.638964 93.479417 0.731810 0.285860 0.578190
106.811920 146.990379 93.464859 0.731810 0.285860 0.578190
106.682501 147.337321 93.444787 0.731810 0.285860 0.578190
106.541506 147.679170 93.418901 0.731810 0.285860 0.578190
106.388909 148.015534 93.388715 0.731810 0.285860 0.578190
106.224904 148.346171 93.355927 0.731810 0.285860 0.578190
106.051464 148.672029 93.323128 0.731810 0.285860 0.578190
105.871475 148.994675 93.293373 0.731810 0.285860 0.578190
105.687806 149.315664 93.269492 0.731810 0.285860 0.578190
105.503217 149.636492 93.253409 0.731810 0.285860 0.578190
105.320437 149.958638 93.246815 0.731810 0.285860 0.578190
105.141941 150.283223 93.251200 0.731810 0.285860 0.578190
104.969713 150.610670 93.267653 0.731810 0.285860 0.578190
104.805668 150.941306 93.297204 0.731810 0.285860 0.578190
104.651500 151.275094 93.340571 0.731810 0.285860 0.578190
104.508682 151.611635 93.398155 0.731810 0.285860 0.578190
104.378571 151.950446 93.470339 0.731810 0.285860 0.578190
104.261620 152.290464 93.557455 0.731810 0.285860 0.578190
104.157814 152.630325 93.659805 0.731810 0.285860 0.578190
104.067112 152.968772 93.777476 0.731810 0.285860 0.578190
103.989375 153.304976 93.909686 0.731810 0.285860 0.578190
103.924446 153.638218 94.055430 0.731810 0.285860 0.578190
103.872616 153.968327 94.212954 0.731810 0.285860 0.578190
103.835047 154.296190 94.379057 0.731810 0.285860 0.578190
103.812998 154.622801 94.550392 0.731810 0.285860 0.578190
103.807600 154.948770 94.724162 0.731810 0.285860 0.578190
103.819858 155.274320 94.898118 0.731810 0.285860 0.578190
103.850641 155.599581 95.070201 0.731810 0.285860 0.578190
103.899682 155.923989 95.239769 0.731810 0.285860 0.578190
103.966125 156.246628 95.406914 0.731810 0.285860 0.578190
104.048841 156.566664 95.571877 0.731810 0.285860 0.578190
104.145613 156.883615 95.735468 0.731810 0.285860 0.578190
104.253959 157.197083 95.898641 0.731810 0.285860 0.578190
104.371660 157.506689 96.062498 0.731810 0.285860 0.578190
104.497018 157.812081 96.228435 0.731810 0.285860 0.578190
104.628356 158.112928 96.397880 0.731810 0.285860 0.578190
104.763086 158.409244 96.572265 0.731810 0.285860 0.578190
104.897713 158.701390 96.753023 0.731810 0.285860 0.578190
105.028700 158.989741 96.941590 0.731810 0.285860 0.578190
105.152514 159.274674 97.139399 0.731810 0.285860 0.578190
105.265617 159.556564 97.347885 0.731810 0.285860 0.578190
100
117.272446 113.661789 92.371628 0.560190 0.469900 0.551060
117.273048 113.764169 92.359186 0.560190 0.469900 0.551060
117.273863 113.866608 92.346976 0.560190 0.469900 0.551060
117.274850 113.969097 92.334954 0.560190 0.469900 0.551060
117.275965 114.071627 92.323072 0.560190 0.469900 0.551060
117.277165 114.174186 92.311285 0.560190 0.469900 0.551060
117.278409 114.276766 92.299548 0.560190 0.469900 0.551060
117.279654 114.379357 92.287814 0.560190 0.469900 0.551060
117.280857 114.481949 92.276037 0.560190 0.469900 0.551060
117.281976 114.584532 92.264172 0.560190 0.469900 0.551060
117.282967 114.687097 92.252173 0.560190 0.469900 0.551060
117.283789 114.789635 92.239993 0.560190 0.469900 0.551060
117.284399 114.892134 92.227587 0.560190 0.469900 0.551060
117.284755 114.994586 92.214910 0.560190 0.469900 0.551060
117.284813 115.096981 92.201914 0.560190 0.469900 0.551060
117.284531 115.199309 92.188555 0.560190 0.469900 0.551060
117.283867 115.301561 92.174786 0.560190 0.469900 0.551060
117.282778 115.403726 92.160562 0.560190 0.469900 0.551060
117.281222 115.505795 92.145836 0.560190 0.469900 0.551060
117.279156 115.607759 92.130563 0.560190 0.469900 0.551060
117.276537 115.709607 92.114697 0.560190 0.469900 0.551060
117.273323 115.811330 92.098204 0.560190 0.469900 0.551060
117.269473 115.912917 92.081073 0.560190 0.469900 0.551060
117.264944 116.014358 92.063301 0.560190 0.469900 0.551060
117.259695 116.115643 92.044880 0.560190 0.469900 0.551060
117.253684 116.216760 92.025805 0.560190 0.469900 0.551060
117.246870 116.317701 92.006070 0.560190 0.469900 0.551060
117.239211 116.418454 91.985671 0.560190 0.469900 0.551060
117.230664 116.519009 91.964600 0.560190 0.469900 0.551060
117.221189 116.619355 91.942852 0.560190 0.469900 0.551060
117.210743 116.719483 91.920423 0.560190 0.469900 0.551060
117.199234 116.819369 91.897362 0.560190 0.469900 0.551060
117.186482 116.918974 91.873814 0.560190 0.469900 0.551060
117.172302 117.018255 91.849933 0.560190 0.469900 0.551060
117.156507 117.117168 91.825872 0.560190 0.469900 0.551060
117.138911 117.215671 91.801785 0.560190 0.469900 0.551060
117.119326 117.313721 91.777826 0.560190 0.469900 0.551060
117.097567 117.411276 91.754147 0.560190 0.469900 0.551060
117.073448 117.508292 91.730903 0.560190 0.469900 0.551060
117.046781 117.604728 91.708247 0.560190 0.469900 0.551060
117.017385 117.700540 91.686331 0.560190 0.469900 0.551060
116.985283 117.795730 91.665204 0.560190 0.469900 0.551060
116.950764 117.890353 91.644788 0.560190 0.469900 0.551060
116.914133 117.984469 91.624996 0.560190 0.469900 0.551060
116.875697 118.078136 91.605739 0.560190 0.469900 0.551060
116.835760 118.171413 91.586930 0.560190 0.469900 0.551060
116.794629 118.264361 91.568481 0.560190 0.469900 0.551060
116.752610 118.357037 91.550304 0.560190 0.469900 0.551060
116.710008 118.449501 91.532312 0.560190 0.469900 0.551060
116.667130 118.541812 91.514417 0.560190 0.469900 0.551060
116.624272 118.634028 91.496534 0.560190 0.469900 0.551060
116.581522 118.726161 91.478667 0.560190 0.469900 0.551060
116.538758 118.818180 91.460904 0.560190 0.469900 0.551060
116.495849 118.910054 91.443338 0.560190 0.469900 0.551060
116.452666 119.001747 91.426061 0.560190 0.469900 0.551060
116.409076 119.093229 91.409166 0.560190 0.469900 0.551060
116.364949 119.184465 91.392746 0.560190 0.469900 0.551060
116.320155 119.275424 91.376892 0.560190 0.469900 0.551060
116.274563 119.366071 91.361699 0.560190 0.469900 0.551060
116.228043 119.456375 91.347258 0.560190 0.469900 0.551060
116.180472 119.546305 91.333658 0.560190 0.469900 0.551060
116.131874 119.635881 91.320935 0.560190 0.469900 0.551060
116.082381 119.725157 91.309082 0.560190 0.469900 0.551060
116.032128 119.814191 91.298092 0.560190 0.469900 0.551060
115.981252 119.903038 91.287956 0.560190 0.469900 0.551060
115.929888 119.991757 91.278668 0.560190 0.469900 0.551060
115.878171 120.080403 91.270220 0.560190 0.469900 0.551060
115.826237 120.169033 91.262604 0.560190 0.469900 0.551060
115.774222 120.257704 91.255814 0.560190 0.469900 0.551060
115.722261 120.346473 91.249841 0.560190 0.469900 0.551060
115.670487 120.435395 91.244674 0.560190 0.469900 0.551060
115.619015 120.524518 91.240269 0.560190 0.469900 0.551060
115.567947 120.613886 91.236561 0.560190 0.469900 0.551060
115.517384 120.703540 91.233483 0.560190 0.469900 0.551060
115.467427 120.793525 91.230971 0.560190 0.469900 0.551060
115.418180 120.883883 91.228958 0.560190 0.469900 0.551060
115.369743 120.974658 91.227380 0.560190 0.469900 0.551060
115.322218 121.065891 91.226171 0.560190 0.469900 0.551060
115.275707 121.157627 91.225266 0.560190 0.469900 0.551060
115.230311 121.249908 91.224598 0.560190 0.469900 0.551060
115.186123 121.342771 91.224103 0.560190 0.469900 0.551060
115.143162 121.436215 91.223724 0.560190 0.469900 0.551060
115.101413 121.530217 91.223406 0.560190 0.469900 0.551060
115.060861 121.624758 91.223094 0.560190 0.469900 0.551060
115.021494 121.719816 91.222732 0.560190 0.469900 0.551060
114.983296 121.815371 91.222267 0.560190 0.469900 0.551060
114.946253 121.911401 91.221643 0.560190 0.469900 0.551060
114.910351 122.007886 91.220806 0.560190 0.469900 0.551060
114.875576 122.104805 91.219700 0.560190 0.469900 0.551060
114.841914 122.202136 91.218272 0.560190 0.469900 0.551060
114.809349 122.299859 91.216465 0.560190 0.469900 0.551060
114.777869 122.397954 91.214226 0.560190 0.469900 0.551060
114.747459 122.496398 91.211499 0.560190 0.469900 0.551060
114.718104 122.595172 91.208230 0.560190 0.469900 0.551060
114.689791 122.694254 91.204364 0.560190 0.469900 0.551060
114.662505 122.793623 91.199846 0.560190 0.469900 0.551060
114.636232 122.893260 91.194620 0.560190 0.469900 0.551060
114.610957 122.993141 91.188634 0.560190 0.469900 0.551060
114.586667 123.093248 91.181830 0.560190 0.469900 0.551060
114.563347 123.193558 91.174156 0.560190 0.469900 0.551060
100
112.153244 145.488907 91.324875 0.826580 0.165510 0.605430
111.999849 145.654471 91.340217 0.826580 0.165510 0.605430
111.842899 145.816369 91.348021 0.826580 0.165510 0.605430
111.682226 145.974134 91.349096 0.826580 0.165510 0.605430
111.517662 146.127299 91.344249 0.826580 0.165510 0.605430
111.349038 146.275398 91.334292 0.826580 0.165510 0.605430
111.176184 146.417963 91.320031 0.826580 0.165510 0.605430
110.998933 146.554527 91.302276 0.826580 0.165510 0.605430
110.817115 146.684623 91.281837 0.826580 0.165510 0.605430
110.630562 146.807785 91.259521 0.826580 0.165510 0.605430
110.439475 146.924172 91.236241 0.826580 0.165510 0.605430
110.245538 147.036453 91.213325 0.826580 0.165510 0.605430
110.050803 147.147923 91.192201 0.826580 0.165510 0.605430
109.857323 147.261877 91.174301 0.826580 0.165510 0.605430
109.667090 147.381507 91.160994 0.826580 0.165510 0.605430
109.480654 147.507599 91.152248 0.826580 0.165510 0.605430
109.297129 147.638536 91.146631 0.826580 0.165510 0.605430
109.115565 147.772594 91.142649 0.826580 0.165510 0.605430
108.935013 147.908051 91.138809 0.826580 0.165510 0.605430
108.754769 148.043599 91.133855 0.826580 0.165510 0.605430
108.575118 148.179588 91.127483 0.826580 0.165510 0.605430
108.396590 148.316779 91.119625 0.826580 0.165510 0.605430
108.219716 148.455935 91.110213 0.826580 0.165510 0.605430
108.045008 148.597794 91.099191 0.826580 0.165510 0.605430
107.872551 148.742495 91.086716 0.826580 0.165510 0.605430
107.702009 148.889580 91.073162 0.826580 0.165510 0.605430
107.533022 149.038565 91.058915 0.826580 0.165510 0.605430
107.365234 149.188965 91.044357 0.826580 0.165510 0.605430
107.198412 149.340446 91.029977 0.826580 0.165510 0.605430
107.032818 149.493271 91.016681 0.826580 0.165510 0.605430
106.868841 149.647850 91.005479 0.826580 0.165510 0.605430
106.706869 149.804597 90.997381 0.826580 0.165510 0.605430
106.547286 149.963912 90.993383 0.826580 0.165510 0.605430
106.390425 150.125981 90.994146 0.826580 0.165510 0.605430
106.236566 150.290768 90.999992 0.826580 0.165510 0.605430
106.085987 150.458231 91.011232 0.826580 0.165510 0.605430
105.938965 150.628326 91.028175 0.826580 0.165510 0.605430
105.795740 150.800976 91.051070 0.826580 0.165510 0.605430
105.656404 150.975969 91.079926 0.826580 0.165510 0.605430
105.521011 151.153062 91.114691 0.826580 0.165510 0.605430
105.389615 151.332010 91.155312 0.826580 0.165510 0.605430
105.262265 151.512559 91.201752 0.826580 0.165510 0.605430
105.138933 151.694199 91.254287 0.826580 0.165510 0.605430
105.019508 151.876171 91.313504 0.826580 0.165510 0.605430
104.903876 152.057703 91.380007 0.826580 0.165510 0.605430
104.791924 152.238022 91.454399 0.826580 0.165510 0.605430
104.683517 152.416397 91.537173 0.826580 0.165510 0.605430
104.578444 152.592249 91.628391 0.826580 0.165510 0.605430
104.476470 152.765043 91.728004 0.826580 0.165510 0.605430
104.377363 152.934238 91.835964 0.826580 0.165510 0.605430
104.280896 153.099316 91.952207 0.826580 0.165510 0.605430
104.186959 153.260147 92.076305 0.826580 0.165510 0.605430
104.095562 153.416998 92.207466 0.826580 0.165510 0.605430
104.006720 153.570153 92.344880 0.826580 0.165510 0.605430
103.920448 153.719894 92.487740 0.826580 0.165510 0.605430
103.836807 153.866572 92.635264 0.826580 0.165510 0.605430
103.756048 154.010812 92.786776 0.826580 0.165510 0.605430
103.678467 154.153304 92.941630 0.826580 0.165510 0.605430
103.604361 154.294741 93.099176 0.826580 0.165510 0.605430
103.534029 154.435814 93.258769 0.826580 0.165510 0.605430
103.467855 154.577216 93.419796 0.826580 0.165510 0.605430
103.406302 154.719641 93.581675 0.826580 0.165510 0.605430
103.349840 154.863781 93.743829 0.826580 0.165510 0.605430
103.298935 155.010330 93.905678 0.826580 0.165510 0.605430
103.254049 155.159917 94.066628 0.826580 0.165510 0.605430
103.215611 155.312910 94.226023 0.826580 0.165510 0.605430
103.184045 155.469611 94.383187 0.826580 0.165510 0.605430
103.159773 155.630324 94.537449 0.826580 0.165510 0.605430
103.143204 155.795336 94.688150 0.826580 0.165510 0.605430
103.134417 155.964547 94.834980 0.826580 0.165510 0.605430
103.133161 156.137476 94.977977 0.826580 0.165510 0.605430
103.139171 156.313624 95.117195 0.826580 0.165510 0.605430
103.152184 156.492493 95.252686 0.826580 0.165510 0.605430
103.171868 156.673595 95.384567 0.826580 0.165510 0.605430
103.197624 156.856495 95.513211 0.826580 0.165510 0.605430
103.228788 157.040766 95.639051 0.826580 0.165510 0.605430
103.264694 157.225985 95.762524 0.826580 0.165510 0.605430
103.304686 157.411734 95.884060 0.826580 0.165510 0.605430
103.348296 157.597751 96.003958 0.826580 0.165510 0.605430
103.395244 157.783933 96.122390 0.826580 0.165510 0.605430
103.445256 157.970183 96.239523 0.826580 0.165510 0.605430
103.498062 158.156403 96.355522 0.826580 0.165510 0.605430
103.553452 158.342502 96.470517 0.826580 0.165510 0.605430
103.611472 158.528417 96.584497 0.826580 0.165510 0.605430
103.672228 158.714090 96.697414 0.826580 0.165510 0.605430
103.735829 158.899463 96.809221 0.826580 0.165510 0.605430
103.802378 159.084483 96.919869 0.826580 0.165510 0.605430
103.871859 159.269151 97.029303 0.826580 0.165510 0.605430
103.944142 159.453527 97.137453 0.826580 0.165510 0.605430
104.019089 159.637674 97.244255 0.826580 0.165510 0.605430
104.096565 159.821655 97.349640 0.826580 0.165510 0.605430
104.176407 160.005578 97.453458 0.826580 0.165510 0.605430
104.258356 160.189736 97.555225 0.826580 0.165510 0.605430
104.342128 160.374467 97.654375 0.826580 0.165510 0.605430
104.427438 160.560111 97.750340 0.826580 0.165510 0.605430
104.514002 160.747006 97.842553 0.826580 0.165510 0.605430
104.601536 160.935491 97.930448 0.826580 0.165510 0.605430
104.689754 161.125904 98.013458 0.826580 0.165510 0.605430
104.778374 161.318584 98.091015 0.826580 0.165510 0.605430
104.867111 161.513870 98.162552 0.826580 0.165510 0.605430
