0.141505 0.141511 0.141492
0.15624 0.156247 0.156225
0.150737 0.150743 0.150722
0.114876 0.114881 0.114864
0.127709 0.127714 0.127696
0.152921 0.152928 0.152907
0.17896 0.178968 0.178944
0.205553 0.205561 0.205535
0.232515 0.232524 0.232495
0.260313 0.260323 0.260291
0.288418 0.288429 0.288394
0.316984 0.316995 0.316958
0.346117 0.346129 0.346089
0.375524 0.375537 0.375494
0.405461 0.405475 0.405429
0.43577 0.435785 0.435736
0.466327 0.466343 0.466291
0.497469 0.497486 0.49743
0.528832 0.52885 0.528791
0.560528 0.560547 0.560485
0.592644 0.592664 0.592599
0.624966 0.624986 0.624918
0.657688 0.65771 0.657638
0.690699 0.690722 0.690647
0.723901 0.723925 0.723846
0.757562 0.757587 0.757506
0.7914 0.791426 0.791341
0.825503 0.82553 0.825442
0.859946 0.859974 0.859882
0.894555 0.894585 0.894489
0.929493 0.929523 0.929424
0.964668 0.964699 0.964597
1 1 1