0.466666 0.615686 1.0
0.466666 0.619607 1.0
0.466666 0.619607 1.0
0.466666 0.619607 1.0
0.466666 0.619607 1.0
0.470588 0.619607 1.0
0.470588 0.619607 1.0
0.470588 0.619607 1.0
0.470588 0.623529 1.0
0.474509 0.623529 1.0
0.474509 0.623529 1.0
0.474509 0.623529 1.0
0.474509 0.623529 1.0
0.474509 0.623529 1.0
0.478431 0.62745 1.0
0.478431 0.62745 1.0
0.478431 0.62745 1.0
0.478431 0.62745 1.0
0.478431 0.62745 1.0
0.482352 0.62745 1.0
0.482352 0.631372 1.0
0.482352 0.631372 1.0
0.486274 0.631372 1.0
0.486274 0.631372 1.0
0.486274 0.631372 1.0
0.486274 0.631372 1.0
0.486274 0.631372 1.0
0.490196 0.635294 1.0
0.490196 0.635294 1.0
0.490196 0.635294 1.0
0.490196 0.635294 1.0
0.494117 0.635294 1.0
0.494117 0.639215 1.0
0.494117 0.639215 0.996078
0.498039 0.639215 0.996078
0.498039 0.639215 0.996078
0.498039 0.639215 0.996078
0.498039 0.639215 0.996078
0.498039 0.643137 0.996078
0.50196 0.643137 0.992156
0.50196 0.643137 0.992156
0.50196 0.643137 0.992156
0.505882 0.643137 0.992156
0.505882 0.643137 0.988235
0.505882 0.647058 0.988235
0.509803 0.647058 0.988235
0.509803 0.647058 0.988235
0.509803 0.647058 0.984313
0.509803 0.647058 0.984313
0.509803 0.647058 0.984313
0.513725 0.65098 0.984313
0.513725 0.65098 0.984313
0.513725 0.65098 0.980392
0.517647 0.65098 0.980392
0.517647 0.65098 0.980392
0.517647 0.654901 0.980392
0.521568 0.654901 0.97647
0.521568 0.654901 0.97647
0.521568 0.654901 0.97647
0.521568 0.654901 0.97647
0.52549 0.658823 0.972549
0.52549 0.658823 0.972549
0.52549 0.658823 0.972549
0.529411 0.658823 0.972549
0.529411 0.658823 0.968627
0.533333 0.662745 0.968627
0.533333 0.662745 0.968627
0.533333 0.662745 0.968627
0.537254 0.662745 0.964705
0.537254 0.662745 0.964705
0.537254 0.662745 0.964705
0.537254 0.666666 0.964705
0.541176 0.666666 0.960784
0.541176 0.666666 0.960784
0.541176 0.666666 0.960784
0.545098 0.666666 0.960784
0.545098 0.670588 0.956862
0.545098 0.670588 0.956862
0.549019 0.670588 0.956862
0.549019 0.670588 0.952941
0.552941 0.670588 0.952941
0.552941 0.670588 0.952941
0.552941 0.674509 0.952941
0.552941 0.674509 0.949019
0.556862 0.674509 0.949019
0.556862 0.674509 0.949019
0.556862 0.674509 0.945098
0.560784 0.678431 0.945098
0.560784 0.678431 0.945098
0.564705 0.678431 0.941176
0.564705 0.678431 0.941176
0.564705 0.678431 0.941176
0.564705 0.678431 0.941176
0.568627 0.682352 0.941176
0.568627 0.682352 0.937254
0.572549 0.682352 0.937254
0.572549 0.682352 0.937254
0.572549 0.686274 0.933333
0.57647 0.686274 0.933333
0.57647 0.686274 0.933333
0.580392 0.686274 0.929411
0.580392 0.686274 0.929411
0.580392 0.690196 0.929411
0.580392 0.690196 0.929411
0.584313 0.690196 0.92549
0.584313 0.690196 0.92549
0.588235 0.690196 0.921568
0.588235 0.690196 0.921568
0.588235 0.694117 0.921568
0.592156 0.694117 0.917647
0.592156 0.694117 0.917647
0.596078 0.694117 0.917647
0.596078 0.694117 0.913725
0.6 0.698039 0.913725
0.6 0.698039 0.913725
0.6 0.698039 0.913725
0.6 0.698039 0.909803
0.603921 0.698039 0.909803
0.603921 0.698039 0.909803
0.607843 0.698039 0.905882
0.607843 0.70196 0.905882
0.611764 0.70196 0.90196
0.611764 0.70196 0.90196
0.611764 0.70196 0.90196
0.615686 0.70196 0.898039
0.615686 0.70196 0.898039
0.615686 0.705882 0.898039
0.619607 0.705882 0.898039
0.619607 0.705882 0.894117
0.623529 0.705882 0.894117
0.623529 0.705882 0.890196
0.623529 0.709803 0.890196
0.62745 0.709803 0.890196
0.62745 0.709803 0.886274
0.631372 0.709803 0.886274
0.631372 0.709803 0.886274
0.631372 0.709803 0.886274
0.635294 0.709803 0.882352
0.635294 0.713725 0.882352
0.639215 0.713725 0.878431
0.639215 0.713725 0.878431
0.639215 0.713725 0.878431
0.643137 0.713725 0.874509
0.643137 0.717647 0.874509
0.647058 0.717647 0.870588
0.647058 0.717647 0.870588
0.65098 0.717647 0.870588
0.65098 0.717647 0.866666
0.65098 0.717647 0.866666
0.654901 0.717647 0.866666
0.654901 0.721568 0.862745
0.654901 0.721568 0.862745
0.658823 0.721568 0.862745
0.658823 0.721568 0.858823
0.662745 0.721568 0.858823
0.662745 0.721568 0.854901
0.666666 0.72549 0.854901
0.666666 0.72549 0.854901
0.670588 0.72549 0.85098
0.670588 0.72549 0.85098
0.670588 0.72549 0.85098
0.674509 0.72549 0.847058
0.674509 0.72549 0.847058
0.674509 0.72549 0.847058
0.678431 0.729411 0.843137
0.678431 0.729411 0.843137
0.682352 0.729411 0.839215
0.682352 0.729411 0.839215
0.686274 0.729411 0.835294
0.686274 0.729411 0.835294
0.686274 0.729411 0.835294
0.690196 0.733333 0.835294
0.690196 0.733333 0.831372
0.694117 0.733333 0.831372
0.694117 0.733333 0.82745
0.694117 0.733333 0.82745
0.698039 0.733333 0.823529
0.698039 0.733333 0.823529
0.70196 0.737254 0.823529
0.70196 0.737254 0.819607
0.705882 0.737254 0.819607
0.705882 0.737254 0.819607
0.705882 0.737254 0.815686
0.709803 0.737254 0.815686
0.709803 0.737254 0.811764
0.713725 0.737254 0.811764
0.713725 0.737254 0.811764
0.713725 0.741176 0.807843
0.717647 0.741176 0.807843
0.717647 0.741176 0.803921
0.721568 0.741176 0.803921
0.721568 0.741176 0.803921
0.721568 0.741176 0.8
0.72549 0.741176 0.8
0.72549 0.741176 0.8
0.729411 0.741176 0.796078
0.729411 0.745098 0.796078
0.733333 0.745098 0.792156
0.733333 0.745098 0.792156
0.737254 0.745098 0.788235
0.737254 0.745098 0.788235
0.737254 0.745098 0.784313
0.737254 0.745098 0.784313
0.741176 0.745098 0.784313
0.741176 0.745098 0.784313
0.745098 0.749019 0.780392
0.745098 0.749019 0.780392
0.749019 0.749019 0.77647
0.749019 0.749019 0.77647
0.752941 0.749019 0.772549
0.752941 0.749019 0.772549
0.756862 0.749019 0.768627
0.756862 0.749019 0.768627
0.756862 0.749019 0.768627
0.756862 0.749019 0.764705
0.760784 0.749019 0.764705
0.760784 0.752941 0.764705
0.764705 0.752941 0.760784
0.764705 0.752941 0.760784
0.768627 0.752941 0.756862
0.768627 0.752941 0.756862
0.772549 0.752941 0.752941
0.772549 0.752941 0.752941
0.77647 0.752941 0.749019
0.77647 0.752941 0.749019
0.77647 0.752941 0.749019
0.77647 0.752941 0.745098
0.780392 0.752941 0.745098
0.780392 0.756862 0.745098
0.784313 0.756862 0.741176
0.784313 0.756862 0.741176
0.788235 0.756862 0.737254
0.788235 0.756862 0.737254
0.792156 0.756862 0.733333
0.792156 0.756862 0.733333
0.792156 0.756862 0.733333
0.792156 0.756862 0.729411
0.796078 0.756862 0.729411
0.796078 0.756862 0.72549
0.8 0.756862 0.72549
0.8 0.756862 0.721568
0.803921 0.756862 0.721568
0.803921 0.760784 0.717647
0.807843 0.760784 0.717647
0.807843 0.760784 0.717647
0.807843 0.760784 0.713725
0.807843 0.760784 0.713725
0.811764 0.760784 0.713725
0.811764 0.760784 0.709803
0.815686 0.760784 0.709803
0.815686 0.760784 0.705882
0.819607 0.760784 0.705882
0.819607 0.760784 0.70196
0.819607 0.760784 0.70196
0.823529 0.760784 0.698039
0.823529 0.760784 0.698039
0.82745 0.760784 0.694117
0.82745 0.760784 0.694117
0.82745 0.760784 0.694117
0.831372 0.760784 0.690196
0.831372 0.760784 0.690196
0.835294 0.760784 0.686274
0.835294 0.760784 0.686274
0.835294 0.764705 0.686274
0.839215 0.764705 0.682352
0.839215 0.764705 0.682352
0.843137 0.764705 0.678431
0.843137 0.764705 0.678431
0.843137 0.764705 0.678431
0.847058 0.764705 0.674509
0.847058 0.764705 0.674509
0.847058 0.764705 0.670588
0.85098 0.764705 0.670588
0.85098 0.764705 0.666666
0.854901 0.764705 0.666666
0.854901 0.764705 0.662745
0.858823 0.764705 0.662745
0.858823 0.764705 0.658823
0.858823 0.764705 0.658823
0.858823 0.764705 0.658823
0.862745 0.764705 0.654901
0.862745 0.764705 0.654901
0.866666 0.764705 0.65098
0.866666 0.764705 0.65098
0.866666 0.764705 0.65098
0.870588 0.764705 0.647058
0.870588 0.764705 0.647058
0.874509 0.764705 0.643137
0.874509 0.764705 0.643137
0.878431 0.764705 0.639215
0.878431 0.764705 0.639215
0.878431 0.764705 0.639215
0.878431 0.764705 0.635294
0.882352 0.764705 0.635294
0.882352 0.764705 0.631372
0.886274 0.764705 0.631372
0.886274 0.764705 0.62745
0.886274 0.764705 0.62745
0.890196 0.764705 0.623529
0.890196 0.764705 0.623529
0.894117 0.764705 0.619607
0.894117 0.764705 0.619607
0.894117 0.764705 0.619607
0.894117 0.764705 0.615686
0.898039 0.764705 0.615686
0.898039 0.764705 0.611764
0.90196 0.764705 0.611764
0.90196 0.764705 0.607843
0.90196 0.764705 0.607843
0.905882 0.764705 0.607843
0.905882 0.764705 0.603921
0.909803 0.764705 0.603921
0.909803 0.764705 0.603921
0.909803 0.764705 0.6
0.909803 0.764705 0.6
0.913725 0.764705 0.596078
0.913725 0.764705 0.596078
0.917647 0.764705 0.592156
0.917647 0.764705 0.592156
0.917647 0.764705 0.588235
0.921568 0.764705 0.588235
0.921568 0.764705 0.584313
0.92549 0.764705 0.584313
0.92549 0.764705 0.584313
0.92549 0.764705 0.580392
0.92549 0.764705 0.580392
0.929411 0.764705 0.57647
0.929411 0.764705 0.57647
0.929411 0.764705 0.572549
0.933333 0.764705 0.572549
0.933333 0.764705 0.568627
0.937254 0.764705 0.568627
0.937254 0.764705 0.564705
0.937254 0.764705 0.564705
0.937254 0.764705 0.564705
0.941176 0.764705 0.560784
0.941176 0.764705 0.560784
0.941176 0.764705 0.560784
0.945098 0.764705 0.556862
0.945098 0.764705 0.556862
0.949019 0.764705 0.552941
0.949019 0.764705 0.552941
0.949019 0.764705 0.549019
0.952941 0.764705 0.549019
0.952941 0.764705 0.545098
0.952941 0.764705 0.545098
0.952941 0.760784 0.545098
0.956862 0.760784 0.541176
0.956862 0.760784 0.541176
0.960784 0.760784 0.537254
0.960784 0.760784 0.537254
0.960784 0.760784 0.533333
0.964705 0.760784 0.533333
0.964705 0.760784 0.529411
0.964705 0.760784 0.529411
0.968627 0.760784 0.52549
0.968627 0.760784 0.52549
0.968627 0.760784 0.52549
0.968627 0.760784 0.521568
0.972549 0.760784 0.521568
0.972549 0.760784 0.517647
0.97647 0.760784 0.517647
0.97647 0.760784 0.517647
0.97647 0.760784 0.513725
0.980392 0.760784 0.513725
0.980392 0.760784 0.509803
0.980392 0.760784 0.509803
0.980392 0.760784 0.509803
0.984313 0.756862 0.505882
0.984313 0.756862 0.505882
0.984313 0.756862 0.50196
0.988235 0.756862 0.50196
0.988235 0.756862 0.498039
0.988235 0.756862 0.498039
0.992156 0.756862 0.494117
0.992156 0.756862 0.494117
0.992156 0.756862 0.490196
0.996078 0.756862 0.490196
0.996078 0.756862 0.490196
0.996078 0.756862 0.486274
0.996078 0.756862 0.486274
1.0 0.756862 0.482352
1.0 0.756862 0.482352
1.0 0.756862 0.478431
1.0 0.756862 0.478431
1.0 0.752941 0.474509
1.0 0.752941 0.474509
1.0 0.752941 0.474509
1.0 0.752941 0.470588
1.0 0.752941 0.470588
1.0 0.752941 0.470588
1.0 0.752941 0.466666
1.0 0.752941 0.466666
1.0 0.752941 0.462745
1.0 0.752941 0.462745
1.0 0.752941 0.458823
1.0 0.752941 0.458823
1.0 0.752941 0.454901
1.0 0.749019 0.454901
1.0 0.749019 0.45098
1.0 0.749019 0.45098
1.0 0.749019 0.45098
1.0 0.749019 0.447058
1.0 0.749019 0.447058
1.0 0.749019 0.443137
1.0 0.749019 0.443137
1.0 0.749019 0.439215
1.0 0.749019 0.439215
1.0 0.749019 0.439215
1.0 0.749019 0.435294
1.0 0.749019 0.435294
1.0 0.749019 0.435294
1.0 0.745098 0.431372
1.0 0.745098 0.431372
1.0 0.745098 0.42745
1.0 0.745098 0.42745
1.0 0.745098 0.423529
1.0 0.745098 0.423529
1.0 0.745098 0.419607
1.0 0.745098 0.419607
1.0 0.745098 0.415686
1.0 0.745098 0.415686
1.0 0.745098 0.415686
1.0 0.745098 0.411764
1.0 0.741176 0.411764
1.0 0.741176 0.407843
1.0 0.741176 0.407843
1.0 0.741176 0.403921
1.0 0.741176 0.403921
1.0 0.741176 0.403921
1.0 0.741176 0.4
1.0 0.741176 0.4
1.0 0.741176 0.396078
1.0 0.741176 0.396078
1.0 0.737254 0.396078
1.0 0.737254 0.392156
1.0 0.737254 0.392156
1.0 0.737254 0.388235
1.0 0.737254 0.388235
1.0 0.737254 0.384313
1.0 0.737254 0.384313
1.0 0.737254 0.380392
1.0 0.737254 0.380392
1.0 0.737254 0.37647
1.0 0.737254 0.37647
1.0 0.733333 0.37647
1.0 0.733333 0.372549
1.0 0.733333 0.372549
1.0 0.733333 0.372549
1.0 0.733333 0.368627
1.0 0.733333 0.368627
1.0 0.733333 0.364705
1.0 0.733333 0.364705
1.0 0.729411 0.360784
1.0 0.729411 0.360784
1.0 0.729411 0.360784
1.0 0.729411 0.356862
1.0 0.729411 0.356862
1.0 0.729411 0.352941
1.0 0.729411 0.352941
1.0 0.729411 0.349019
1.0 0.729411 0.349019
1.0 0.729411 0.345098
1.0 0.72549 0.345098
1.0 0.72549 0.341176
1.0 0.72549 0.341176
1.0 0.72549 0.341176
1.0 0.72549 0.337254
1.0 0.72549 0.337254
1.0 0.72549 0.337254
1.0 0.72549 0.333333
1.0 0.72549 0.333333
1.0 0.721568 0.329411
1.0 0.721568 0.329411
1.0 0.721568 0.32549
1.0 0.721568 0.32549
1.0 0.721568 0.321568
1.0 0.721568 0.321568
1.0 0.721568 0.321568
1.0 0.721568 0.317647
1.0 0.721568 0.317647
1.0 0.717647 0.313725
1.0 0.717647 0.313725
1.0 0.717647 0.309803
1.0 0.717647 0.309803
1.0 0.717647 0.305882
1.0 0.717647 0.305882
1.0 0.717647 0.30196
1.0 0.717647 0.30196
1.0 0.713725 0.30196
1.0 0.713725 0.298039
1.0 0.713725 0.298039
1.0 0.713725 0.294117
1.0 0.713725 0.294117
1.0 0.713725 0.290196
1.0 0.713725 0.290196
1.0 0.713725 0.286274
1.0 0.709803 0.286274
1.0 0.709803 0.286274
1.0 0.709803 0.286274
1.0 0.709803 0.282352
1.0 0.709803 0.282352
1.0 0.709803 0.278431
1.0 0.709803 0.278431
1.0 0.709803 0.274509
1.0 0.705882 0.274509
1.0 0.705882 0.270588
1.0 0.705882 0.270588
1.0 0.705882 0.266666
1.0 0.705882 0.266666
1.0 0.705882 0.266666
1.0 0.705882 0.262745
1.0 0.705882 0.262745
1.0 0.70196 0.258823
1.0 0.70196 0.258823
1.0 0.70196 0.254901
1.0 0.70196 0.254901
1.0 0.70196 0.25098
1.0 0.70196 0.25098
1.0 0.70196 0.247058
1.0 0.698039 0.247058
1.0 0.698039 0.247058
1.0 0.698039 0.243137
1.0 0.698039 0.243137
1.0 0.698039 0.239215
1.0 0.698039 0.239215
1.0 0.698039 0.235294
1.0 0.694117 0.235294
1.0 0.694117 0.231372
1.0 0.694117 0.22745
1.0 0.694117 0.22745
1.0 0.694117 0.223529
1.0 0.694117 0.223529
1.0 0.694117 0.223529
1.0 0.694117 0.219607
1.0 0.690196 0.219607
1.0 0.690196 0.215686
1.0 0.690196 0.215686
1.0 0.690196 0.211764
1.0 0.690196 0.211764
1.0 0.690196 0.207843
1.0 0.686274 0.207843
1.0 0.686274 0.203921
1.0 0.686274 0.203921
1.0 0.686274 0.203921
1.0 0.686274 0.2
1.0 0.686274 0.196078
1.0 0.686274 0.196078
1.0 0.686274 0.192156
1.0 0.682352 0.192156
1.0 0.682352 0.188235
1.0 0.682352 0.188235
1.0 0.682352 0.184313
1.0 0.682352 0.184313
1.0 0.682352 0.184313
1.0 0.682352 0.180392
1.0 0.678431 0.17647
1.0 0.678431 0.17647
1.0 0.678431 0.172549
1.0 0.678431 0.172549
1.0 0.678431 0.168627
1.0 0.678431 0.164705
1.0 0.674509 0.164705
1.0 0.674509 0.160784
1.0 0.674509 0.160784
1.0 0.674509 0.156862
1.0 0.674509 0.156862
1.0 0.674509 0.152941
1.0 0.674509 0.152941
1.0 0.670588 0.149019
1.0 0.670588 0.145098
1.0 0.670588 0.145098
1.0 0.670588 0.141176
1.0 0.670588 0.137254
1.0 0.670588 0.137254
1.0 0.666666 0.133333
1.0 0.666666 0.129411
1.0 0.666666 0.129411
1.0 0.666666 0.129411
1.0 0.666666 0.12549
1.0 0.666666 0.121568
1.0 0.666666 0.121568
1.0 0.662745 0.117647
1.0 0.662745 0.113725
1.0 0.662745 0.109803
1.0 0.662745 0.109803
1.0 0.662745 0.105882
1.0 0.662745 0.10196
1.0 0.662745 0.10196
1.0 0.658823 0.098039
1.0 0.658823 0.094117
1.0 0.658823 0.090196
1.0 0.658823 0.090196
1.0 0.658823 0.086274
1.0 0.658823 0.082352
1.0 0.654901 0.078431
1.0 0.654901 0.074509
1.0 0.654901 0.070588
1.0 0.654901 0.066666
1.0 0.654901 0.066666
1.0 0.654901 0.062745
1.0 0.654901 0.054901
1.0 0.65098 0.05098
1.0 0.65098 0.047058
1.0 0.65098 0.039215
1.0 0.65098 0.035294
1.0 0.65098 0.02745
1.0 0.65098 0.023529
1.0 0.647058 0.015686
1.0 0.647058 0.011764
1.0 0.647058 0.011764
1.0 0.647058 0.007843
1.0 0.647058 0.0
1.0 0.647058 0.0
1.0 0.643137 0.0
1.0 0.643137 0.0
1.0 0.643137 0.0
1.0 0.643137 0.0
1.0 0.643137 0.0
1.0 0.643137 0.0
1.0 0.639215 0.0
1.0 0.639215 0.0
1.0 0.639215 0.0
1.0 0.639215 0.0
1.0 0.639215 0.0
1.0 0.639215 0.0
1.0 0.639215 0.0
1.0 0.635294 0.0
1.0 0.635294 0.0
1.0 0.635294 0.0
1.0 0.635294 0.0
1.0 0.635294 0.0
1.0 0.635294 0.0
1.0 0.631372 0.0
1.0 0.631372 0.0
1.0 0.631372 0.0
1.0 0.631372 0.0
1.0 0.631372 0.0
1.0 0.631372 0.0
1.0 0.62745 0.0
1.0 0.62745 0.0
1.0 0.62745 0.0
1.0 0.62745 0.0
1.0 0.62745 0.0
1.0 0.62745 0.0
1.0 0.623529 0.0
1.0 0.623529 0.0
1.0 0.623529 0.0
1.0 0.623529 0.0
1.0 0.623529 0.0
1.0 0.623529 0.0
1.0 0.619607 0.0
1.0 0.619607 0.0
1.0 0.619607 0.0
1.0 0.619607 0.0
1.0 0.619607 0.0
1.0 0.619607 0.0
1.0 0.615686 0.0
1.0 0.615686 0.0
1.0 0.615686 0.0
1.0 0.615686 0.0
1.0 0.615686 0.0
1.0 0.611764 0.0
1.0 0.611764 0.0
1.0 0.611764 0.0
1.0 0.611764 0.0
1.0 0.611764 0.0
1.0 0.611764 0.0
1.0 0.611764 0.0
1.0 0.607843 0.0
1.0 0.607843 0.0
1.0 0.607843 0.0
1.0 0.607843 0.0
1.0 0.607843 0.0
1.0 0.603921 0.0
1.0 0.603921 0.0
1.0 0.603921 0.0
1.0 0.603921 0.0
1.0 0.603921 0.0
1.0 0.603921 0.0
1.0 0.6 0.0
1.0 0.6 0.0
1.0 0.6 0.0
1.0 0.6 0.0
1.0 0.6 0.0
1.0 0.596078 0.0
1.0 0.596078 0.0
1.0 0.596078 0.0
1.0 0.596078 0.0
1.0 0.596078 0.0
1.0 0.596078 0.0
1.0 0.592156 0.0
1.0 0.592156 0.0
1.0 0.592156 0.0
1.0 0.592156 0.0
1.0 0.592156 0.0
1.0 0.592156 0.0
1.0 0.592156 0.0
1.0 0.588235 0.0
1.0 0.588235 0.0
1.0 0.588235 0.0
1.0 0.588235 0.0
1.0 0.588235 0.0
1.0 0.584313 0.0
1.0 0.584313 0.0
1.0 0.584313 0.0
1.0 0.584313 0.0
1.0 0.584313 0.0
1.0 0.584313 0.0
1.0 0.580392 0.0
1.0 0.580392 0.0
1.0 0.580392 0.0
1.0 0.580392 0.0
1.0 0.580392 0.0
1.0 0.57647 0.0
1.0 0.57647 0.0
1.0 0.57647 0.0
1.0 0.57647 0.0
1.0 0.57647 0.0
1.0 0.57647 0.0
1.0 0.572549 0.0
1.0 0.572549 0.0
1.0 0.572549 0.0
1.0 0.572549 0.0
1.0 0.572549 0.0
1.0 0.568627 0.0
1.0 0.568627 0.0
1.0 0.568627 0.0
1.0 0.568627 0.0
1.0 0.568627 0.0
1.0 0.568627 0.0
1.0 0.564705 0.0
1.0 0.564705 0.0
1.0 0.564705 0.0
1.0 0.564705 0.0
1.0 0.564705 0.0
1.0 0.560784 0.0
1.0 0.560784 0.0
1.0 0.560784 0.0
1.0 0.560784 0.0
1.0 0.560784 0.0
1.0 0.560784 0.0
1.0 0.556862 0.0
1.0 0.556862 0.0
1.0 0.556862 0.0
1.0 0.556862 0.0
1.0 0.556862 0.0
1.0 0.552941 0.0
1.0 0.552941 0.0
1.0 0.552941 0.0
1.0 0.552941 0.0
1.0 0.552941 0.0
1.0 0.552941 0.0
1.0 0.549019 0.0
1.0 0.549019 0.0
1.0 0.549019 0.0
1.0 0.549019 0.0
1.0 0.549019 0.0
1.0 0.545098 0.0
1.0 0.545098 0.0
1.0 0.545098 0.0
1.0 0.545098 0.0
1.0 0.541176 0.0
1.0 0.541176 0.0
1.0 0.541176 0.0
1.0 0.541176 0.0
1.0 0.541176 0.0
1.0 0.541176 0.0
1.0 0.537254 0.0
1.0 0.537254 0.0
1.0 0.537254 0.0
1.0 0.537254 0.0
1.0 0.537254 0.0
1.0 0.533333 0.0
1.0 0.533333 0.0
1.0 0.533333 0.0
1.0 0.533333 0.0
1.0 0.533333 0.0
1.0 0.533333 0.0
1.0 0.529411 0.0
1.0 0.529411 0.0
1.0 0.529411 0.0
1.0 0.529411 0.0
1.0 0.529411 0.0
1.0 0.52549 0.0
1.0 0.52549 0.0
1.0 0.52549 0.0
1.0 0.52549 0.0
1.0 0.52549 0.0
1.0 0.521568 0.0
1.0 0.521568 0.0
1.0 0.521568 0.0
1.0 0.521568 0.0
1.0 0.521568 0.0
1.0 0.517647 0.0
1.0 0.517647 0.0
1.0 0.517647 0.0
1.0 0.517647 0.0
1.0 0.517647 0.0
1.0 0.517647 0.0
1.0 0.513725 0.0
1.0 0.513725 0.0
1.0 0.513725 0.0
1.0 0.513725 0.0
1.0 0.509803 0.0
1.0 0.509803 0.0
1.0 0.509803 0.0
1.0 0.509803 0.0
1.0 0.509803 0.0
1.0 0.509803 0.0
1.0 0.505882 0.0
1.0 0.505882 0.0
1.0 0.505882 0.0
1.0 0.505882 0.0
1.0 0.505882 0.0
1.0 0.50196 0.0
1.0 0.50196 0.0
1.0 0.50196 0.0
1.0 0.50196 0.0
1.0 0.50196 0.0
1.0 0.498039 0.0
1.0 0.498039 0.0
1.0 0.498039 0.0
1.0 0.498039 0.0
1.0 0.498039 0.0
1.0 0.494117 0.0
1.0 0.494117 0.0
1.0 0.494117 0.0
1.0 0.494117 0.0
1.0 0.494117 0.0
1.0 0.494117 0.0
1.0 0.490196 0.0
1.0 0.490196 0.0
1.0 0.490196 0.0
1.0 0.490196 0.0
1.0 0.486274 0.0
1.0 0.486274 0.0
1.0 0.486274 0.0
1.0 0.486274 0.0
1.0 0.486274 0.0
1.0 0.486274 0.0
1.0 0.482352 0.0
1.0 0.482352 0.0
1.0 0.482352 0.0
1.0 0.482352 0.0
1.0 0.478431 0.0
1.0 0.478431 0.0
1.0 0.478431 0.0
1.0 0.478431 0.0
1.0 0.478431 0.0
1.0 0.474509 0.0
1.0 0.474509 0.0
1.0 0.474509 0.0
1.0 0.474509 0.0
1.0 0.474509 0.0
1.0 0.470588 0.0
1.0 0.470588 0.0
1.0 0.470588 0.0
1.0 0.470588 0.0
1.0 0.466666 0.0
1.0 0.466666 0.0
1.0 0.466666 0.0
1.0 0.466666 0.0
1.0 0.466666 0.0
1.0 0.466666 0.0
1.0 0.462745 0.0
1.0 0.462745 0.0
1.0 0.462745 0.0
1.0 0.462745 0.0
1.0 0.458823 0.0
1.0 0.458823 0.0
1.0 0.458823 0.0
1.0 0.458823 0.0
1.0 0.458823 0.0
1.0 0.458823 0.0
1.0 0.454901 0.0
1.0 0.454901 0.0
1.0 0.454901 0.0
1.0 0.454901 0.0
1.0 0.45098 0.0
1.0 0.45098 0.0
1.0 0.45098 0.0
1.0 0.45098 0.0
1.0 0.447058 0.0
1.0 0.447058 0.0
1.0 0.447058 0.0
1.0 0.447058 0.0
1.0 0.447058 0.0
1.0 0.447058 0.0
1.0 0.443137 0.0
1.0 0.443137 0.0
1.0 0.443137 0.0
1.0 0.443137 0.0
1.0 0.439215 0.0
1.0 0.439215 0.0
1.0 0.439215 0.0
1.0 0.439215 0.0
1.0 0.439215 0.0
1.0 0.435294 0.0
1.0 0.435294 0.0
1.0 0.435294 0.0
1.0 0.435294 0.0
1.0 0.431372 0.0
1.0 0.431372 0.0
1.0 0.431372 0.0
1.0 0.431372 0.0
1.0 0.431372 0.0
1.0 0.431372 0.0
1.0 0.42745 0.0
1.0 0.42745 0.0
1.0 0.42745 0.0
1.0 0.42745 0.0
1.0 0.423529 0.0
1.0 0.423529 0.0
1.0 0.423529 0.0
1.0 0.423529 0.0
1.0 0.419607 0.0
1.0 0.419607 0.0
1.0 0.419607 0.0
1.0 0.419607 0.0
1.0 0.419607 0.0
1.0 0.415686 0.0
1.0 0.415686 0.0
1.0 0.415686 0.0
1.0 0.415686 0.0
1.0 0.411764 0.0
1.0 0.411764 0.0
1.0 0.411764 0.0
1.0 0.411764 0.0
1.0 0.411764 0.0
1.0 0.407843 0.0
1.0 0.407843 0.0
1.0 0.407843 0.0
1.0 0.407843 0.0
1.0 0.403921 0.0
1.0 0.403921 0.0
1.0 0.403921 0.0
1.0 0.403921 0.0
1.0 0.4 0.0
1.0 0.4 0.0
1.0 0.4 0.0
1.0 0.4 0.0
1.0 0.4 0.0
1.0 0.396078 0.0
1.0 0.396078 0.0
1.0 0.396078 0.0
1.0 0.396078 0.0
1.0 0.392156 0.0
1.0 0.392156 0.0
1.0 0.392156 0.0
1.0 0.392156 0.0
1.0 0.392156 0.0
1.0 0.388235 0.0
1.0 0.388235 0.0
1.0 0.388235 0.0
1.0 0.388235 0.0
1.0 0.384313 0.0
1.0 0.384313 0.0
1.0 0.384313 0.0
1.0 0.384313 0.0
1.0 0.380392 0.0
1.0 0.380392 0.0
1.0 0.380392 0.0
1.0 0.380392 0.0
1.0 0.380392 0.0
1.0 0.37647 0.0
1.0 0.37647 0.0
1.0 0.37647 0.0
1.0 0.37647 0.0
1.0 0.372549 0.0
1.0 0.372549 0.0
1.0 0.372549 0.0
1.0 0.372549 0.0
1.0 0.372549 0.0
1.0 0.368627 0.0
1.0 0.368627 0.0
1.0 0.368627 0.0
1.0 0.364705 0.0
1.0 0.364705 0.0
1.0 0.364705 0.0
1.0 0.364705 0.0
1.0 0.360784 0.0
1.0 0.360784 0.0
1.0 0.360784 0.0
1.0 0.360784 0.0
1.0 0.360784 0.0
1.0 0.356862 0.0
1.0 0.356862 0.0
1.0 0.356862 0.0
1.0 0.356862 0.0
1.0 0.352941 0.0
1.0 0.352941 0.0
1.0 0.352941 0.0
1.0 0.349019 0.0
1.0 0.349019 0.0
1.0 0.349019 0.0
1.0 0.349019 0.0
1.0 0.349019 0.0
1.0 0.345098 0.0
1.0 0.345098 0.0
1.0 0.345098 0.0
1.0 0.341176 0.0
1.0 0.341176 0.0
1.0 0.341176 0.0
1.0 0.341176 0.0
1.0 0.341176 0.0
1.0 0.337254 0.0
1.0 0.337254 0.0
1.0 0.337254 0.0
1.0 0.337254 0.0
1.0 0.333333 0.0
1.0 0.333333 0.0
1.0 0.333333 0.0
1.0 0.329411 0.0
1.0 0.329411 0.0
1.0 0.329411 0.0
1.0 0.329411 0.0
1.0 0.329411 0.0
1.0 0.32549 0.0
1.0 0.32549 0.0
1.0 0.32549 0.0
1.0 0.321568 0.0
1.0 0.321568 0.0
1.0 0.321568 0.0
1.0 0.317647 0.0
1.0 0.317647 0.0
1.0 0.317647 0.0
1.0 0.317647 0.0
1.0 0.317647 0.0
1.0 0.313725 0.0
1.0 0.313725 0.0
1.0 0.313725 0.0
1.0 0.309803 0.0
1.0 0.309803 0.0
1.0 0.309803 0.0
1.0 0.305882 0.0
1.0 0.305882 0.0
1.0 0.305882 0.0
1.0 0.305882 0.0
1.0 0.305882 0.0
1.0 0.30196 0.0
1.0 0.30196 0.0
1.0 0.30196 0.0
1.0 0.298039 0.0
1.0 0.298039 0.0
1.0 0.298039 0.0
1.0 0.294117 0.0
1.0 0.294117 0.0
1.0 0.294117 0.0
1.0 0.294117 0.0
1.0 0.290196 0.0
1.0 0.290196 0.0
1.0 0.290196 0.0
1.0 0.290196 0.0
1.0 0.286274 0.0
1.0 0.286274 0.0
1.0 0.286274 0.0
1.0 0.282352 0.0
1.0 0.282352 0.0
1.0 0.282352 0.0
1.0 0.282352 0.0
1.0 0.278431 0.0
1.0 0.278431 0.0
1.0 0.278431 0.0
1.0 0.274509 0.0
1.0 0.274509 0.0
1.0 0.274509 0.0
1.0 0.270588 0.0
1.0 0.270588 0.0
1.0 0.270588 0.0
1.0 0.266666 0.0
1.0 0.266666 0.0
1.0 0.266666 0.0
1.0 0.266666 0.0
1.0 0.262745 0.0
1.0 0.262745 0.0
1.0 0.258823 0.0
1.0 0.258823 0.0
1.0 0.258823 0.0
1.0 0.254901 0.0
1.0 0.254901 0.0
1.0 0.254901 0.0
1.0 0.254901 0.0
1.0 0.25098 0.0
1.0 0.25098 0.0
1.0 0.25098 0.0
1.0 0.247058 0.0
1.0 0.247058 0.0
1.0 0.247058 0.0
1.0 0.243137 0.0
1.0 0.243137 0.0
1.0 0.239215 0.0
1.0 0.239215 0.0
1.0 0.239215 0.0
1.0 0.239215 0.0
1.0 0.235294 0.0
1.0 0.235294 0.0
1.0 0.235294 0.0
1.0 0.231372 0.0