85 72 193
86 73 193
86 73 193
86 73 193
86 74 194
86 74 194
86 74 194
87 75 194
87 75 194
87 75 194
87 76 195
87 76 195
88 77 195
88 77 195
88 77 195
88 78 195
88 78 196
88 78 196
89 79 196
89 79 196
89 79 196
89 80 196
89 80 196
90 81 197
90 81 197
90 81 197
90 82 197
90 82 197
90 82 197
91 83 198
91 83 198
91 83 198
91 84 198
91 84 198
92 84 198
92 85 198
92 85 199
92 86 199
92 86 199
93 86 199
93 87 199
93 87 199
93 87 200
93 88 200
94 88 200
94 88 200
94 89 200
94 89 200
94 89 200
95 90 201
95 90 201
95 91 201
95 91 201
95 91 201
96 92 201
96 92 201
96 92 202
96 93 202
96 93 202
97 93 202
97 94 202
97 94 202
97 94 202
97 95 203
98 95 203
98 95 203
98 96 203
98 96 203
98 96 203
99 97 203
99 97 204
99 98 204
99 98 204
99 98 204
100 99 204
100 99 204
100 99 204
100 100 205
100 100 205
101 100 205
101 101 205
101 101 205
101 101 205
102 102 205
102 102 206
102 102 206
102 103 206
102 103 206
103 103 206
103 104 206
103 104 206
103 104 206
104 105 207
104 105 207
104 105 207
104 106 207
104 106 207
105 107 207
105 107 207
105 107 208
105 108 208
106 108 208
106 108 208
106 109 208
106 109 208
106 109 208
107 110 208
107 110 209
107 110 209
107 111 209
108 111 209
108 111 209
108 112 209
108 112 209
108 112 209
109 113 210
109 113 210
109 113 210
109 114 210
110 114 210
110 114 210
110 115 210
110 115 210
111 115 211
111 116 211
111 116 211
111 116 211
112 117 211
112 117 211
112 117 211
112 118 211
112 118 212
113 118 212
113 119 212
113 119 212
113 120 212
114 120 212
114 120 212
114 121 212
114 121 213
115 121 213
115 122 213
115 122 213
115 122 213
116 123 213
116 123 213
116 123 213
116 124 213
117 124 214
117 124 214
117 125 214
117 125 214
118 125 214
118 126 214
118 126 214
118 126 214
119 127 215
119 127 215
119 127 215
119 128 215
120 128 215
120 128 215
120 129 215
120 129 215
121 129 215
121 130 216
121 130 216
121 130 216
122 131 216
122 131 216
122 131 216
123 132 216
123 132 216
123 132 216
123 133 217
124 133 217
124 133 217
124 134 217
124 134 217
125 134 217
125 135 217
125 135 217
125 135 217
126 136 217
126 136 218
126 136 218
127 137 218
127 137 218
127 137 218
127 138 218
128 138 218
128 138 218
128 139 218
128 139 219
129 139 219
129 140 219
129 140 219
129 140 219
130 141 219
130 141 219
130 141 219
131 142 219
131 142 219
131 142 220
131 143 220
132 143 220
132 143 220
132 144 220
133 144 220
133 144 220
133 145 220
133 145 220
134 145 220
134 146 221
134 146 221
135 146 221
135 147 221
135 147 221
135 147 221
136 148 221
136 148 221
136 148 221
137 149 221
137 149 222
137 149 222
137 150 222
138 150 222
138 150 222
138 151 222
139 151 222
139 151 222
139 152 222
139 152 222
140 152 222
140 153 223
140 153 223
141 153 223
141 154 223
141 154 223
142 154 223
142 155 223
142 155 223
142 155 223
143 156 223
143 156 223
143 156 224
144 157 224
144 157 224
144 157 224
145 158 224
145 158 224
145 158 224
145 159 224
146 159 224
146 159 224
146 160 224
147 160 225
147 160 225
147 161 225
148 161 225
148 161 225
148 162 225
148 162 225
149 162 225
149 163 225
149 163 225
150 163 225
150 164 226
150 164 226
151 164 226
151 165 226
151 165 226
152 165 226
152 166 226
152 166 226
153 166 226
153 167 226
153 167 226
154 167 226
154 168 227
154 168 227
154 168 227
155 169 227
155 169 227
155 169 227
156 170 227
156 170 227
156 170 227
157 171 227
157 171 227
157 171 227
158 172 228
158 172 228
158 172 228
159 173 228
159 173 228
159 173 228
160 174 228
160 174 228
160 174 228
161 175 228
161 175 228
161 175 228
162 176 228
162 176 229
162 176 229
163 177 229
163 177 229
163 177 229
164 177 229
164 178 229
164 178 229
165 178 229
165 179 229
165 179 229
166 179 229
166 180 229
166 180 230
167 180 230
167 181 230
167 181 230
168 181 230
168 182 230
168 182 230
169 182 230
169 183 230
169 183 230
170 183 230
170 184 230
170 184 230
171 184 231
171 185 231
171 185 231
172 185 231
172 186 231
173 186 231
173 186 231
173 187 231
174 187 231
174 187 231
174 188 231
175 188 231
175 188 231
175 189 231
176 189 232
176 189 232
176 190 232
177 190 232
177 190 232
177 191 232
178 191 232
178 191 232
179 192 232
179 192 232
179 192 232
180 192 232
180 193 232
180 193 232
181 193 233
181 194 233
181 194 233
182 194 233
182 195 233
182 195 233
183 195 233
183 196 233
184 196 233
184 196 233
184 197 233
185 197 233
185 197 233
185 198 233
186 198 234
186 198 234
186 199 234
187 199 234
187 199 234
188 200 234
188 200 234
188 200 234
189 201 234
189 201 234
189 201 234
190 202 234
190 202 234
191 202 234
191 203 234
191 203 235
192 203 235
192 203 235
192 204 235
193 204 235
193 204 235
194 205 235
194 205 235
194 205 235
195 206 235
195 206 235
196 206 235
196 207 235
196 207 235
197 207 235
197 208 236
197 208 236
198 208 236
198 209 236
199 209 236
199 209 236
199 210 236
200 210 236
200 210 236
201 211 236
201 211 236
201 211 236
202 211 236
202 212 236
202 212 236
203 212 236
203 213 237
204 213 237
204 213 237
204 214 237
205 214 237
205 214 237
206 215 237
206 215 237
206 215 237
207 216 237
207 216 237
208 216 237
208 217 237
208 217 237
209 217 237
209 218 237
210 218 238
210 218 238
210 219 238
211 219 238
211 219 238
212 219 238
212 220 238
212 220 238
213 220 238
213 221 238
214 221 238
214 221 238
214 222 238
215 222 238
215 222 238
216 223 238
216 223 239
216 223 239
217 224 239
217 224 239
218 224 239
218 225 239
219 225 239
219 225 239
219 225 239
220 226 239
220 226 239
221 226 239
221 227 239
221 227 239
222 227 239
222 228 239
223 228 240
223 228 240
224 229 240
224 229 240
224 229 240
225 230 240
225 230 240
226 230 240
226 231 240
226 231 240
227 231 240
227 231 240
228 232 240
228 232 240
229 232 240
229 233 240
229 233 240
230 233 241
230 234 241
231 234 241
231 234 241
232 235 241
232 235 241
232 235 241
233 236 241
233 236 241
234 236 241
234 236 241
235 237 241
235 237 241
235 237 241
236 238 241
236 238 241
237 238 241
237 239 242
238 239 242
238 239 242
239 240 242
239 240 242
239 240 242
240 241 242
240 241 242
241 241 242
241 241 242
242 242 242
242 242 242
242 242 242
242 242 241
242 241 241
242 241 240
242 241 240
242 240 239
242 240 239
241 239 238
241 239 238
241 239 237
241 238 236
241 238 236
241 238 235
241 237 235
241 237 234
241 236 234
240 236 233
240 236 233
240 235 232
240 235 232
240 235 231
240 234 230
240 234 230
240 233 229
240 233 229
240 233 228
239 232 228
239 232 227
239 232 227
239 231 226
239 231 226
239 230 225
239 230 225
239 230 224
239 229 223
238 229 223
238 229 222
238 228 222
238 228 221
238 227 221
238 227 220
238 227 220
238 226 219
238 226 219
238 226 218
237 225 218
237 225 217
237 224 217
237 224 216
237 224 215
237 223 215
237 223 214
237 223 214
237 222 213
236 222 213
236 221 212
236 221 212
236 221 211
236 220 211
236 220 210
236 220 210
236 219 209
236 219 209
236 218 208
235 218 208
235 218 207
235 217 207
235 217 206
235 217 206
235 216 205
235 216 204
235 215 204
235 215 203
234 215 203
234 214 202
234 214 202
234 214 201
234 213 201
234 213 200
234 212 200
234 212 199
234 212 199
234 211 198
233 211 198
233 211 197
233 210 197
233 210 196
233 209 196
233 209 195
233 209 195
233 208 194
233 208 194
232 207 193
232 207 193
232 207 192
232 206 192
232 206 191
232 206 191
232 205 190
232 205 190
232 204 189
232 204 189
231 204 188
231 203 188
231 203 187
231 203 187
231 202 186
231 202 186
231 201 185
231 201 185
231 201 184
230 200 184
230 200 183
230 199 183
230 199 182
230 199 182
230 198 181
230 198 181
230 198 180
230 197 180
229 197 179
229 196 179
229 196 178
229 196 178
229 195 177
229 195 177
229 195 176
229 194 176
229 194 175
229 193 175
228 193 174
228 193 174
228 192 174
228 192 173
228 191 173
228 191 172
228 191 172
228 190 171
228 190 171
227 190 170
227 189 170
227 189 169
227 188 169
227 188 168
227 188 168
227 187 167
227 187 167
227 187 166
226 186 166
226 186 165
226 185 165
226 185 164
226 185 164
226 184 164
226 184 163
226 183 163
226 183 162
225 183 162
225 182 161
225 182 161
225 182 160
225 181 160
225 181 159
225 180 159
225 180 158
225 180 158
224 179 158
224 179 157
224 178 157
224 178 156
224 178 156
224 177 155
224 177 155
224 176 154
224 176 154
223 176 153
223 175 153
223 175 152
223 175 152
223 174 152
223 174 151
223 173 151
223 173 150
223 173 150
222 172 149
222 172 149
222 171 148
222 171 148
222 171 148
222 170 147
222 170 147
222 170 146
222 169 146
221 169 145
221 168 145
221 168 144
221 168 144
221 167 144
221 167 143
221 166 143
221 166 142
221 166 142
220 165 141
220 165 141
220 164 140
220 164 140
220 164 140
220 163 139
220 163 139
220 163 138
220 162 138
219 162 137
219 161 137
219 161 137
219 161 136
219 160 136
219 160 135
219 159 135
219 159 134
218 159 134
218 158 134
218 158 133
218 157 133
218 157 132
218 157 132
218 156 131
218 156 131
218 155 131
217 155 130
217 155 130
217 154 129
217 154 129
217 153 128
217 153 128
217 153 128
217 152 127
216 152 127
216 152 126
216 151 126
216 151 126
216 150 125
216 150 125
216 150 124
216 149 124
215 149 124
215 148 123
215 148 123
215 148 122
215 147 122
215 147 121
215 146 121
215 146 121
215 146 120
214 145 120
214 145 119
214 144 119
214 144 119
214 144 118
214 143 118
214 143 117
214 142 117
213 142 117
213 142 116
213 141 116
213 141 115
213 140 115
213 140 115
213 140 114
213 139 114
212 139 113
212 138 113
212 138 113
212 138 112
212 137 112
212 137 111
212 136 111
212 136 111
211 136 110
211 135 110
211 135 110
211 134 109
211 134 109
211 134 108
211 133 108
211 133 108
210 132 107
210 132 107
210 132 106
210 131 106
210 131 106
210 130 105
210 130 105
210 130 105
209 129 104
209 129 104
209 128 103
209 128 103
209 127 103
209 127 102
209 127 102
209 126 102
208 126 101
208 125 101
208 125 100
208 125 100
208 124 100
208 124 99
208 123 99
207 123 99
207 123 98
207 122 98
207 122 97
207 121 97
207 121 97
207 120 96
207 120 96
206 120 96
206 119 95
206 119 95
206 118 95
206 118 94
206 118 94
206 117 94
206 117 93
205 116 93
205 116 92
205 116 92
205 115 92
205 115 91
205 114 91
205 114 91
204 113 90
204 113 90
204 113 90
204 112 89
204 112 89
204 111 89
204 111 88
203 110 88
203 110 88
203 110 87
203 109 87
203 109 86
203 108 86
203 108 86
203 107 85
202 107 85
202 107 85
202 106 84
202 106 84
202 105 84
202 105 83
202 104 83
201 104 83
201 104 82
201 103 82
201 103 82
201 102 81
201 102 81
201 101 81
200 101 80
200 101 80
200 100 80
200 100 79
200 99 79
200 99 79
200 98 78
199 98 78
199 98 78
199 97 77
199 97 77
199 96 77
199 96 77
199 95 76
198 95 76
198 94 76
198 94 75
198 94 75
198 93 75
198 93 74
198 92 74
197 92 74
197 91 73
197 91 73
197 90 73
197 90 72
197 89 72
197 89 72
196 89 71
196 88 71
196 88 71
196 87 71
196 87 70
196 86 70
196 86 70
195 85 69
195 85 69
195 84 69
195 84 68
195 84 68
195 83 68
195 83 68
194 82 67
194 82 67
194 81 67
194 81 66
194 80 66
194 80 66
194 79 65
193 79 65
193 78 65
193 78 65
193 77 64
193 77 64
193 76 64
193 76 63
192 75 63
192 75 63
192 74 63
192 74 62
192 73 62
192 73 62
191 72 61
191 72 61
191 71 61
191 71 61
191 70 60
191 70 60
191 69 60
190 69 59
190 68 59
190 68 59
190 67 59
190 67 58
190 66 58
189 66 58
189 65 58
189 65 57
189 64 57
189 64 57
189 63 56
189 63 56
188 62 56
188 61 56
188 61 55
188 60 55
188 60 55
188 59 55
187 59 54
187 58 54
187 58 54
187 57 54
187 56 53
187 56 53
186 55 53
186 55 52
186 54 52
186 53 52
186 53 52
186 52 51
186 52 51
185 51 51
185 50 51
185 50 50
185 49 50
185 49 50
185 48 50
184 47 49
184 47 49
184 46 49
184 45 49
184 45 48
184 44 48
183 43 48
183 43 48
183 42 48
183 41 47
183 40 47
183 40 47
182 39 47
182 38 46
182 37 46
182 37 46
182 36 46
182 35 45
181 34 45
181 33 45
181 33 45
181 32 44
181 31 44
181 30 44
180 29 44
180 28 44
180 27 43
180 26 43
180 25 43
180 24 43
179 23 42
179 22 42
179 21 42
179 19 42
179 18 42
179 17 41
178 15 41
178 14 41
178 12 41
178 10 40
178 8 40
178 6 40
177 5 40
177 3 40
177 1 39
