0.0 0.0 0.0
0.003921 0.0 0.0
0.007843 0.0 0.0
0.007843 0.003921 0.0
0.011764 0.003921 0.003921
0.015686 0.003921 0.003921
0.019607 0.003921 0.003921
0.023529 0.007843 0.003921
0.023529 0.007843 0.003921
0.02745 0.007843 0.003921
0.031372 0.007843 0.003921
0.035294 0.011764 0.003921
0.039215 0.011764 0.007843
0.039215 0.011764 0.007843
0.043137 0.011764 0.007843
0.047058 0.015686 0.007843
0.05098 0.015686 0.007843
0.05098 0.015686 0.007843
0.054901 0.015686 0.007843
0.054901 0.019607 0.011764
0.058823 0.019607 0.011764
0.062745 0.019607 0.011764
0.062745 0.019607 0.011764
0.066666 0.023529 0.011764
0.066666 0.023529 0.011764
0.070588 0.023529 0.011764
0.070588 0.023529 0.011764
0.074509 0.023529 0.015686
0.078431 0.02745 0.015686
0.078431 0.02745 0.015686
0.078431 0.02745 0.015686
0.082352 0.02745 0.015686
0.082352 0.031372 0.015686
0.086274 0.031372 0.015686
0.086274 0.031372 0.019607
0.090196 0.031372 0.019607
0.090196 0.035294 0.019607
0.094117 0.035294 0.019607
0.094117 0.035294 0.019607
0.094117 0.035294 0.019607
0.098039 0.039215 0.019607
0.098039 0.039215 0.019607
0.10196 0.039215 0.023529
0.10196 0.039215 0.023529
0.10196 0.043137 0.023529
0.105882 0.043137 0.023529
0.105882 0.043137 0.023529
0.109803 0.043137 0.023529
0.109803 0.043137 0.023529
0.109803 0.047058 0.02745
0.113725 0.047058 0.02745
0.113725 0.047058 0.02745
0.113725 0.047058 0.02745
0.117647 0.05098 0.02745
0.117647 0.05098 0.02745
0.117647 0.05098 0.02745
0.121568 0.05098 0.031372
0.121568 0.05098 0.031372
0.121568 0.054901 0.031372
0.12549 0.054901 0.031372
0.12549 0.054901 0.031372
0.12549 0.054901 0.031372
0.129411 0.054901 0.031372
0.129411 0.054901 0.031372
0.129411 0.058823 0.035294
0.133333 0.058823 0.035294
0.133333 0.058823 0.035294
0.133333 0.058823 0.035294
0.137254 0.058823 0.035294
0.137254 0.058823 0.035294
0.137254 0.062745 0.035294
0.141176 0.062745 0.039215
0.141176 0.062745 0.039215
0.141176 0.062745 0.039215
0.145098 0.062745 0.039215
0.145098 0.062745 0.039215
0.145098 0.062745 0.039215
0.149019 0.066666 0.039215
0.149019 0.066666 0.039215
0.149019 0.066666 0.043137
0.152941 0.066666 0.043137
0.152941 0.066666 0.043137
0.156862 0.066666 0.043137
0.156862 0.066666 0.043137
0.156862 0.066666 0.043137
0.160784 0.066666 0.043137
0.160784 0.066666 0.047058
0.160784 0.070588 0.047058
0.164705 0.070588 0.047058
0.164705 0.070588 0.047058
0.168627 0.070588 0.047058
0.168627 0.070588 0.047058
0.168627 0.070588 0.047058
0.172549 0.070588 0.047058
0.172549 0.070588 0.05098
0.172549 0.070588 0.05098
0.17647 0.070588 0.05098
0.17647 0.070588 0.05098
0.180392 0.074509 0.05098
0.180392 0.074509 0.05098
0.180392 0.074509 0.05098
0.184313 0.074509 0.05098
0.184313 0.074509 0.05098
0.184313 0.074509 0.054901
0.188235 0.074509 0.054901
0.188235 0.074509 0.054901
0.192156 0.074509 0.054901
0.192156 0.074509 0.054901
0.192156 0.074509 0.054901
0.196078 0.078431 0.054901
0.196078 0.078431 0.054901
0.196078 0.078431 0.054901
0.2 0.078431 0.058823
0.2 0.078431 0.058823
0.203921 0.078431 0.058823
0.203921 0.078431 0.058823
0.203921 0.078431 0.058823
0.207843 0.078431 0.058823
0.207843 0.078431 0.058823
0.211764 0.078431 0.058823
0.211764 0.078431 0.058823
0.211764 0.082352 0.058823
0.215686 0.082352 0.062745
0.215686 0.082352 0.062745
0.215686 0.082352 0.062745
0.219607 0.082352 0.062745
0.219607 0.082352 0.062745
0.223529 0.082352 0.062745
0.223529 0.082352 0.062745
0.223529 0.082352 0.062745
0.22745 0.082352 0.062745
0.22745 0.082352 0.062745
0.231372 0.082352 0.066666
0.231372 0.086274 0.066666
0.231372 0.086274 0.066666
0.235294 0.086274 0.066666
0.235294 0.086274 0.066666
0.239215 0.086274 0.066666
0.239215 0.086274 0.066666
0.239215 0.086274 0.066666
0.243137 0.086274 0.066666
0.243137 0.086274 0.066666
0.247058 0.086274 0.066666
0.247058 0.086274 0.066666
0.247058 0.086274 0.070588
0.25098 0.086274 0.070588
0.25098 0.090196 0.070588
0.254901 0.090196 0.070588
0.254901 0.090196 0.070588
0.254901 0.090196 0.070588
0.258823 0.090196 0.070588
0.258823 0.090196 0.070588
0.262745 0.090196 0.070588
0.262745 0.090196 0.070588
0.262745 0.090196 0.070588
0.266666 0.090196 0.070588
0.266666 0.090196 0.074509
0.270588 0.090196 0.074509
0.270588 0.090196 0.074509
0.270588 0.094117 0.074509
0.274509 0.094117 0.074509
0.274509 0.094117 0.074509
0.278431 0.094117 0.074509
0.278431 0.094117 0.074509
0.278431 0.094117 0.074509
0.282352 0.094117 0.074509
0.282352 0.094117 0.074509
0.286274 0.094117 0.074509
0.286274 0.094117 0.074509
0.286274 0.094117 0.078431
0.290196 0.094117 0.078431
0.290196 0.094117 0.078431
0.294117 0.094117 0.078431
0.294117 0.098039 0.078431
0.294117 0.098039 0.078431
0.298039 0.098039 0.078431
0.298039 0.098039 0.078431
0.30196 0.098039 0.078431
0.30196 0.098039 0.078431
0.30196 0.098039 0.078431
0.305882 0.098039 0.078431
0.305882 0.098039 0.078431
0.309803 0.098039 0.078431
0.309803 0.098039 0.078431
0.313725 0.098039 0.082352
0.313725 0.098039 0.082352
0.313725 0.098039 0.082352
0.317647 0.098039 0.082352
0.317647 0.10196 0.082352
0.321568 0.10196 0.082352
0.321568 0.10196 0.082352
0.321568 0.10196 0.082352
0.32549 0.10196 0.082352
0.32549 0.10196 0.082352
0.329411 0.10196 0.082352
0.329411 0.10196 0.082352
0.329411 0.10196 0.082352
0.333333 0.10196 0.082352
0.333333 0.10196 0.082352
0.337254 0.10196 0.086274
0.337254 0.10196 0.086274
0.341176 0.10196 0.086274
0.341176 0.10196 0.086274
0.341176 0.10196 0.086274
0.345098 0.105882 0.086274
0.345098 0.105882 0.086274
0.349019 0.105882 0.086274
0.349019 0.105882 0.086274
0.349019 0.105882 0.086274
0.352941 0.105882 0.086274
0.352941 0.105882 0.086274
0.356862 0.105882 0.086274
0.356862 0.105882 0.086274
0.360784 0.105882 0.086274
0.360784 0.105882 0.090196
0.360784 0.105882 0.090196
0.364705 0.105882 0.090196
0.364705 0.105882 0.090196
0.368627 0.105882 0.090196
0.368627 0.105882 0.090196
0.372549 0.105882 0.090196
0.372549 0.109803 0.090196
0.372549 0.109803 0.090196
0.37647 0.109803 0.090196
0.37647 0.109803 0.090196
0.380392 0.109803 0.090196
0.380392 0.109803 0.090196
0.380392 0.109803 0.090196
0.384313 0.109803 0.090196
0.384313 0.109803 0.094117
0.388235 0.109803 0.094117
0.388235 0.109803 0.094117
0.392156 0.109803 0.094117
0.392156 0.109803 0.094117
0.392156 0.109803 0.094117
0.396078 0.109803 0.094117
0.396078 0.109803 0.094117
0.4 0.109803 0.094117
0.4 0.109803 0.094117
0.403921 0.113725 0.094117
0.403921 0.113725 0.094117
0.403921 0.113725 0.094117
0.407843 0.113725 0.094117
0.407843 0.113725 0.094117
0.411764 0.113725 0.098039
0.411764 0.113725 0.098039
0.415686 0.113725 0.098039
0.415686 0.113725 0.098039
0.415686 0.113725 0.098039
0.419607 0.113725 0.098039
0.419607 0.113725 0.098039
0.423529 0.113725 0.098039
0.423529 0.113725 0.098039
0.42745 0.113725 0.098039
0.42745 0.113725 0.098039
0.42745 0.113725 0.098039
0.431372 0.113725 0.098039
0.431372 0.113725 0.098039
0.435294 0.113725 0.098039
0.435294 0.117647 0.10196
0.439215 0.117647 0.10196
0.439215 0.117647 0.10196
0.443137 0.117647 0.10196
0.443137 0.117647 0.10196
0.443137 0.117647 0.10196
0.447058 0.117647 0.10196
0.447058 0.117647 0.10196
0.45098 0.117647 0.10196
0.45098 0.117647 0.10196
0.454901 0.117647 0.10196
0.454901 0.117647 0.10196
0.454901 0.117647 0.10196
0.458823 0.117647 0.10196
0.458823 0.117647 0.10196
0.462745 0.117647 0.105882
0.462745 0.117647 0.105882
0.466666 0.117647 0.105882
0.466666 0.117647 0.105882
0.466666 0.117647 0.105882
0.470588 0.117647 0.105882
0.470588 0.117647 0.105882
0.474509 0.121568 0.105882
0.474509 0.121568 0.105882
0.478431 0.121568 0.105882
0.478431 0.121568 0.105882
0.482352 0.121568 0.105882
0.482352 0.121568 0.105882
0.482352 0.121568 0.105882
0.486274 0.121568 0.105882
0.486274 0.121568 0.109803
0.490196 0.121568 0.109803
0.490196 0.121568 0.109803
0.494117 0.121568 0.109803
0.494117 0.121568 0.109803
0.498039 0.121568 0.109803
0.498039 0.121568 0.109803
0.498039 0.121568 0.109803
0.50196 0.121568 0.109803
0.50196 0.121568 0.109803
0.505882 0.121568 0.109803
0.505882 0.121568 0.109803
0.509803 0.121568 0.109803
0.509803 0.121568 0.109803
0.513725 0.121568 0.109803
0.513725 0.121568 0.113725
0.513725 0.121568 0.113725
0.517647 0.121568 0.113725
0.517647 0.121568 0.113725
0.521568 0.121568 0.113725
0.521568 0.12549 0.113725
0.52549 0.12549 0.113725
0.52549 0.12549 0.113725
0.529411 0.12549 0.113725
0.529411 0.12549 0.113725
0.529411 0.12549 0.113725
0.533333 0.12549 0.113725
0.533333 0.12549 0.113725
0.537254 0.12549 0.113725
0.537254 0.12549 0.113725
0.541176 0.12549 0.117647
0.541176 0.12549 0.117647
0.545098 0.12549 0.117647
0.545098 0.12549 0.117647
0.545098 0.12549 0.117647
0.549019 0.12549 0.117647
0.549019 0.12549 0.117647
0.552941 0.12549 0.117647
0.552941 0.12549 0.117647
0.556862 0.12549 0.117647
0.556862 0.12549 0.117647
0.560784 0.12549 0.117647
0.560784 0.12549 0.117647
0.564705 0.12549 0.117647
0.564705 0.12549 0.117647
0.564705 0.12549 0.121568
0.568627 0.12549 0.121568
0.568627 0.12549 0.121568
0.572549 0.12549 0.121568
0.572549 0.12549 0.121568
0.57647 0.12549 0.121568
0.57647 0.12549 0.121568
0.580392 0.12549 0.121568
0.580392 0.12549 0.121568
0.584313 0.12549 0.121568
0.584313 0.12549 0.121568
0.584313 0.129411 0.121568
0.588235 0.129411 0.121568
0.588235 0.129411 0.121568
0.592156 0.129411 0.12549
0.592156 0.129411 0.12549
0.596078 0.129411 0.12549
0.596078 0.129411 0.12549
0.6 0.129411 0.12549
0.6 0.129411 0.12549
0.603921 0.129411 0.12549
0.603921 0.129411 0.12549
0.603921 0.129411 0.12549
0.607843 0.129411 0.12549
0.607843 0.129411 0.12549
0.611764 0.129411 0.12549
0.611764 0.129411 0.12549
0.615686 0.129411 0.12549
0.615686 0.129411 0.12549
0.619607 0.129411 0.129411
0.619607 0.129411 0.129411
0.623529 0.129411 0.129411
0.623529 0.129411 0.129411
0.62745 0.129411 0.129411
0.62745 0.129411 0.129411
0.62745 0.129411 0.129411
0.631372 0.129411 0.129411
0.631372 0.129411 0.129411
0.635294 0.129411 0.129411
0.635294 0.129411 0.129411
0.639215 0.129411 0.129411
0.639215 0.129411 0.129411
0.643137 0.129411 0.129411
0.643137 0.129411 0.129411
0.647058 0.129411 0.133333
0.647058 0.129411 0.133333
0.65098 0.129411 0.133333
0.65098 0.129411 0.133333
0.65098 0.129411 0.133333
0.654901 0.129411 0.133333
0.654901 0.129411 0.133333
0.658823 0.129411 0.133333
0.658823 0.129411 0.133333
0.662745 0.129411 0.133333
0.662745 0.129411 0.133333
0.666666 0.129411 0.133333
0.666666 0.129411 0.133333
0.670588 0.129411 0.133333
0.670588 0.129411 0.133333
0.674509 0.129411 0.137254
0.674509 0.129411 0.137254
0.674509 0.129411 0.137254
0.678431 0.129411 0.137254
0.678431 0.129411 0.137254
0.682352 0.129411 0.137254
0.682352 0.129411 0.137254
0.686274 0.129411 0.137254
0.686274 0.133333 0.137254
0.686274 0.133333 0.137254
0.690196 0.137254 0.137254
0.690196 0.137254 0.137254
0.690196 0.141176 0.137254
0.690196 0.141176 0.137254
0.694117 0.145098 0.137254
0.694117 0.145098 0.137254
0.694117 0.145098 0.137254
0.694117 0.149019 0.137254
0.694117 0.149019 0.133333
0.698039 0.152941 0.133333
0.698039 0.152941 0.133333
0.698039 0.156862 0.133333
0.698039 0.156862 0.133333
0.70196 0.160784 0.133333
0.70196 0.160784 0.133333
0.70196 0.164705 0.133333
0.70196 0.164705 0.133333
0.705882 0.164705 0.133333
0.705882 0.168627 0.133333
0.705882 0.168627 0.133333
0.705882 0.172549 0.133333
0.709803 0.172549 0.133333
0.709803 0.17647 0.133333
0.709803 0.17647 0.133333
0.709803 0.17647 0.129411
0.713725 0.180392 0.129411
0.713725 0.180392 0.129411
0.713725 0.184313 0.129411
0.713725 0.184313 0.129411
0.713725 0.188235 0.129411
0.717647 0.188235 0.129411
0.717647 0.188235 0.129411
0.717647 0.192156 0.129411
0.717647 0.192156 0.129411
0.721568 0.196078 0.129411
0.721568 0.196078 0.129411
0.721568 0.196078 0.129411
0.721568 0.2 0.129411
0.72549 0.2 0.129411
0.72549 0.203921 0.12549
0.72549 0.203921 0.12549
0.72549 0.203921 0.12549
0.729411 0.207843 0.12549
0.729411 0.207843 0.12549
0.729411 0.211764 0.12549
0.729411 0.211764 0.12549
0.733333 0.211764 0.12549
0.733333 0.215686 0.12549
0.733333 0.215686 0.12549
0.733333 0.219607 0.12549
0.733333 0.219607 0.12549
0.737254 0.219607 0.12549
0.737254 0.223529 0.121568
0.737254 0.223529 0.121568
0.737254 0.223529 0.121568
0.741176 0.22745 0.121568
0.741176 0.22745 0.121568
0.741176 0.231372 0.121568
0.741176 0.231372 0.121568
0.745098 0.231372 0.121568
0.745098 0.235294 0.121568
0.745098 0.235294 0.121568
0.745098 0.235294 0.121568
0.749019 0.239215 0.121568
0.749019 0.239215 0.117647
0.749019 0.243137 0.117647
0.749019 0.243137 0.117647
0.752941 0.243137 0.117647
0.752941 0.247058 0.117647
0.752941 0.247058 0.117647
0.752941 0.247058 0.117647
0.752941 0.25098 0.117647
0.756862 0.25098 0.117647
0.756862 0.25098 0.117647
0.756862 0.254901 0.113725
0.756862 0.254901 0.113725
0.760784 0.258823 0.113725
0.760784 0.258823 0.113725
0.760784 0.258823 0.113725
0.760784 0.262745 0.113725
0.764705 0.262745 0.113725
0.764705 0.262745 0.113725
0.764705 0.266666 0.113725
0.764705 0.266666 0.113725
0.768627 0.266666 0.109803
0.768627 0.270588 0.109803
0.768627 0.270588 0.109803
0.768627 0.270588 0.109803
0.772549 0.274509 0.109803
0.772549 0.274509 0.109803
0.772549 0.278431 0.109803
0.772549 0.278431 0.109803
0.772549 0.278431 0.109803
0.77647 0.282352 0.105882
0.77647 0.282352 0.105882
0.77647 0.282352 0.105882
0.77647 0.286274 0.105882
0.780392 0.286274 0.105882
0.780392 0.286274 0.105882
0.780392 0.290196 0.105882
0.780392 0.290196 0.105882
0.784313 0.290196 0.10196
0.784313 0.294117 0.10196
0.784313 0.294117 0.10196
0.784313 0.294117 0.10196
0.788235 0.298039 0.10196
0.788235 0.298039 0.10196
0.788235 0.298039 0.10196
0.788235 0.30196 0.10196
0.788235 0.30196 0.098039
0.792156 0.30196 0.098039
0.792156 0.305882 0.098039
0.792156 0.305882 0.098039
0.792156 0.305882 0.098039
0.796078 0.309803 0.098039
0.796078 0.309803 0.098039
0.796078 0.309803 0.094117
0.796078 0.313725 0.094117
0.8 0.313725 0.094117
0.8 0.317647 0.094117
0.8 0.317647 0.094117
0.8 0.317647 0.094117
0.803921 0.321568 0.094117
0.803921 0.321568 0.090196
0.803921 0.321568 0.090196
0.803921 0.32549 0.090196
0.803921 0.32549 0.090196
0.807843 0.32549 0.090196
0.807843 0.329411 0.090196
0.807843 0.329411 0.090196
0.807843 0.329411 0.086274
0.811764 0.333333 0.086274
0.811764 0.333333 0.086274
0.811764 0.333333 0.086274
0.811764 0.337254 0.086274
0.815686 0.337254 0.086274
0.815686 0.337254 0.082352
0.815686 0.341176 0.082352
0.815686 0.341176 0.082352
0.819607 0.341176 0.082352
0.819607 0.345098 0.082352
0.819607 0.345098 0.078431
0.819607 0.345098 0.078431
0.823529 0.349019 0.078431
0.823529 0.349019 0.078431
0.823529 0.349019 0.078431
0.823529 0.352941 0.074509
0.823529 0.352941 0.074509
0.82745 0.352941 0.074509
0.82745 0.356862 0.074509
0.82745 0.356862 0.074509
0.82745 0.356862 0.070588
0.831372 0.356862 0.070588
0.831372 0.360784 0.070588
0.831372 0.360784 0.070588
0.831372 0.360784 0.070588
0.835294 0.364705 0.066666
0.835294 0.364705 0.066666
0.835294 0.364705 0.066666
0.835294 0.368627 0.066666
0.839215 0.368627 0.062745
0.839215 0.368627 0.062745
0.839215 0.372549 0.062745
0.839215 0.372549 0.062745
0.839215 0.372549 0.058823
0.843137 0.37647 0.058823
0.843137 0.37647 0.058823
0.843137 0.37647 0.058823
0.843137 0.380392 0.054901
0.847058 0.380392 0.054901
0.847058 0.380392 0.054901
0.847058 0.384313 0.054901
0.847058 0.384313 0.05098
0.85098 0.384313 0.05098
0.85098 0.388235 0.05098
0.85098 0.388235 0.047058
0.85098 0.388235 0.047058
0.854901 0.392156 0.047058
0.854901 0.392156 0.043137
0.854901 0.392156 0.043137
0.854901 0.396078 0.043137
0.854901 0.396078 0.039215
0.858823 0.396078 0.039215
0.858823 0.4 0.039215
0.858823 0.4 0.035294
0.858823 0.4 0.035294
0.862745 0.403921 0.035294
0.862745 0.403921 0.031372
0.862745 0.403921 0.031372
0.862745 0.407843 0.02745
0.866666 0.407843 0.02745
0.866666 0.407843 0.02745
0.866666 0.411764 0.023529
0.866666 0.411764 0.023529
0.870588 0.411764 0.023529
0.870588 0.411764 0.019607
0.870588 0.415686 0.019607
0.870588 0.415686 0.019607
0.870588 0.419607 0.019607
0.870588 0.419607 0.019607
0.870588 0.423529 0.019607
0.870588 0.423529 0.019607
0.870588 0.42745 0.019607
0.870588 0.42745 0.019607
0.870588 0.431372 0.019607
0.870588 0.431372 0.019607
0.870588 0.431372 0.019607
0.874509 0.435294 0.019607
0.874509 0.435294 0.019607
0.874509 0.439215 0.019607
0.874509 0.439215 0.019607
0.874509 0.443137 0.019607
0.874509 0.443137 0.019607
0.874509 0.447058 0.019607
0.874509 0.447058 0.019607
0.874509 0.447058 0.019607
0.874509 0.45098 0.019607
0.874509 0.45098 0.019607
0.874509 0.454901 0.019607
0.874509 0.454901 0.019607
0.874509 0.458823 0.015686
0.874509 0.458823 0.015686
0.874509 0.458823 0.015686
0.874509 0.462745 0.015686
0.878431 0.462745 0.015686
0.878431 0.466666 0.015686
0.878431 0.466666 0.015686
0.878431 0.470588 0.015686
0.878431 0.470588 0.015686
0.878431 0.470588 0.015686
0.878431 0.474509 0.015686
0.878431 0.474509 0.015686
0.878431 0.478431 0.015686
0.878431 0.478431 0.015686
0.878431 0.482352 0.015686
0.878431 0.482352 0.015686
0.878431 0.482352 0.015686
0.878431 0.486274 0.015686
0.878431 0.486274 0.015686
0.878431 0.490196 0.015686
0.878431 0.490196 0.015686
0.878431 0.494117 0.015686
0.882352 0.494117 0.015686
0.882352 0.494117 0.015686
0.882352 0.498039 0.015686
0.882352 0.498039 0.015686
0.882352 0.50196 0.015686
0.882352 0.50196 0.015686
0.882352 0.505882 0.015686
0.882352 0.505882 0.015686
0.882352 0.505882 0.015686
0.882352 0.509803 0.015686
0.882352 0.509803 0.015686
0.882352 0.513725 0.015686
0.882352 0.513725 0.015686
0.882352 0.517647 0.015686
0.882352 0.517647 0.015686
0.882352 0.517647 0.015686
0.882352 0.521568 0.015686
0.882352 0.521568 0.015686
0.882352 0.52549 0.015686
0.882352 0.52549 0.015686
0.886274 0.52549 0.015686
0.886274 0.529411 0.015686
0.886274 0.529411 0.015686
0.886274 0.533333 0.015686
0.886274 0.533333 0.015686
0.886274 0.533333 0.015686
0.886274 0.537254 0.015686
0.886274 0.537254 0.015686
0.886274 0.541176 0.015686
0.886274 0.541176 0.015686
0.886274 0.545098 0.015686
0.886274 0.545098 0.015686
0.886274 0.545098 0.015686
0.886274 0.549019 0.015686
0.886274 0.549019 0.015686
0.886274 0.552941 0.015686
0.886274 0.552941 0.015686
0.886274 0.552941 0.015686
0.886274 0.556862 0.015686
0.886274 0.556862 0.015686
0.886274 0.560784 0.015686
0.886274 0.560784 0.015686
0.886274 0.560784 0.011764
0.890196 0.564705 0.011764
0.890196 0.564705 0.011764
0.890196 0.568627 0.011764
0.890196 0.568627 0.011764
0.890196 0.568627 0.011764
0.890196 0.572549 0.011764
0.890196 0.572549 0.011764
0.890196 0.57647 0.011764
0.890196 0.57647 0.011764
0.890196 0.580392 0.011764
0.890196 0.580392 0.011764
0.890196 0.580392 0.011764
0.890196 0.584313 0.011764
0.890196 0.584313 0.011764
0.890196 0.588235 0.011764
0.890196 0.588235 0.011764
0.890196 0.588235 0.011764
0.890196 0.592156 0.011764
0.890196 0.592156 0.011764
0.890196 0.596078 0.011764
0.890196 0.596078 0.011764
0.890196 0.596078 0.011764
0.890196 0.6 0.011764
0.890196 0.6 0.011764
0.890196 0.603921 0.011764
0.890196 0.603921 0.011764
0.890196 0.603921 0.011764
0.890196 0.607843 0.011764
0.894117 0.607843 0.011764
0.894117 0.611764 0.011764
0.894117 0.611764 0.011764
0.894117 0.611764 0.011764
0.894117 0.615686 0.011764
0.894117 0.615686 0.011764
0.894117 0.619607 0.011764
0.894117 0.619607 0.011764
0.894117 0.619607 0.011764
0.894117 0.623529 0.011764
0.894117 0.623529 0.011764
0.894117 0.62745 0.011764
0.894117 0.62745 0.011764
0.894117 0.62745 0.011764
0.894117 0.631372 0.011764
0.894117 0.631372 0.011764
0.894117 0.635294 0.011764
0.894117 0.635294 0.011764
0.894117 0.635294 0.011764
0.894117 0.639215 0.011764
0.894117 0.639215 0.011764
0.894117 0.643137 0.011764
0.894117 0.643137 0.011764
0.894117 0.643137 0.011764
0.894117 0.647058 0.011764
0.894117 0.647058 0.011764
0.894117 0.647058 0.011764
0.894117 0.65098 0.011764
0.894117 0.65098 0.011764
0.894117 0.654901 0.011764
0.894117 0.654901 0.011764
0.894117 0.654901 0.011764
0.894117 0.658823 0.011764
0.894117 0.658823 0.011764
0.894117 0.662745 0.011764
0.894117 0.662745 0.011764
0.894117 0.662745 0.011764
0.894117 0.666666 0.011764
0.894117 0.666666 0.011764
0.898039 0.670588 0.011764
0.898039 0.670588 0.011764
0.898039 0.670588 0.011764
0.898039 0.674509 0.011764
0.898039 0.674509 0.011764
0.898039 0.678431 0.011764
0.898039 0.678431 0.015686
0.898039 0.678431 0.015686
0.898039 0.682352 0.015686
0.898039 0.682352 0.015686
0.898039 0.686274 0.015686
0.898039 0.686274 0.015686
0.898039 0.686274 0.015686
0.898039 0.690196 0.015686
0.898039 0.690196 0.015686
0.898039 0.690196 0.015686
0.898039 0.694117 0.015686
0.898039 0.694117 0.015686
0.898039 0.698039 0.015686
0.898039 0.698039 0.015686
0.898039 0.698039 0.015686
0.898039 0.70196 0.015686
0.898039 0.70196 0.015686
0.898039 0.705882 0.015686
0.898039 0.705882 0.015686
0.898039 0.705882 0.015686
0.898039 0.709803 0.015686
0.898039 0.709803 0.015686
0.898039 0.713725 0.015686
0.898039 0.713725 0.015686
0.898039 0.713725 0.015686
0.898039 0.717647 0.015686
0.898039 0.717647 0.015686
0.898039 0.717647 0.015686
0.898039 0.721568 0.015686
0.898039 0.721568 0.015686
0.898039 0.72549 0.015686
0.898039 0.72549 0.015686
0.898039 0.72549 0.015686
0.898039 0.729411 0.015686
0.898039 0.729411 0.015686
0.898039 0.733333 0.015686
0.898039 0.733333 0.015686
0.898039 0.733333 0.015686
0.898039 0.737254 0.015686
0.898039 0.737254 0.015686
0.898039 0.741176 0.015686
0.898039 0.741176 0.015686
0.898039 0.741176 0.015686
0.898039 0.745098 0.015686
0.898039 0.745098 0.015686
0.898039 0.745098 0.015686
0.898039 0.749019 0.015686
0.898039 0.749019 0.015686
0.898039 0.752941 0.015686
0.898039 0.752941 0.015686
0.898039 0.752941 0.015686
0.898039 0.756862 0.015686
0.898039 0.756862 0.015686
0.898039 0.760784 0.015686
0.898039 0.760784 0.019607
0.898039 0.760784 0.019607
0.898039 0.764705 0.019607
0.898039 0.764705 0.019607
0.898039 0.764705 0.019607
0.898039 0.768627 0.019607
0.898039 0.768627 0.019607
0.898039 0.772549 0.019607
0.898039 0.772549 0.019607
0.898039 0.772549 0.019607
0.898039 0.77647 0.019607
0.898039 0.77647 0.019607
0.898039 0.780392 0.019607
0.898039 0.780392 0.019607
0.898039 0.780392 0.019607
0.898039 0.784313 0.019607
0.898039 0.784313 0.019607
0.898039 0.784313 0.019607
0.898039 0.788235 0.019607
0.898039 0.788235 0.019607
0.898039 0.792156 0.019607
0.898039 0.792156 0.019607
0.898039 0.792156 0.019607
0.898039 0.796078 0.019607
0.898039 0.796078 0.019607
0.898039 0.8 0.019607
0.898039 0.8 0.019607
0.898039 0.8 0.019607
0.898039 0.803921 0.019607
0.898039 0.803921 0.019607
0.898039 0.803921 0.019607
0.898039 0.807843 0.023529
0.898039 0.807843 0.023529
0.898039 0.811764 0.023529
0.898039 0.811764 0.023529
0.898039 0.811764 0.023529
0.898039 0.815686 0.023529
0.898039 0.815686 0.023529
0.898039 0.819607 0.023529
0.898039 0.819607 0.023529
0.898039 0.819607 0.023529
0.898039 0.823529 0.023529
0.898039 0.823529 0.023529
0.898039 0.823529 0.023529
0.898039 0.82745 0.023529
0.898039 0.82745 0.023529
0.898039 0.831372 0.031372
0.898039 0.831372 0.058823
0.898039 0.831372 0.078431
0.90196 0.831372 0.094117
0.90196 0.835294 0.105882
0.90196 0.835294 0.121568
0.90196 0.835294 0.133333
0.905882 0.835294 0.145098
0.905882 0.839215 0.152941
0.905882 0.839215 0.164705
0.905882 0.839215 0.172549
0.909803 0.839215 0.184313
0.909803 0.843137 0.192156
0.909803 0.843137 0.2
0.913725 0.843137 0.207843
0.913725 0.843137 0.215686
0.913725 0.847058 0.223529
0.913725 0.847058 0.231372
0.917647 0.847058 0.239215
0.917647 0.847058 0.247058
0.917647 0.85098 0.254901
0.917647 0.85098 0.258823
0.921568 0.85098 0.266666
0.921568 0.85098 0.274509
0.921568 0.854901 0.282352
0.921568 0.854901 0.286274
0.92549 0.854901 0.294117
0.92549 0.858823 0.30196
0.92549 0.858823 0.305882
0.92549 0.858823 0.313725
0.929411 0.858823 0.317647
0.929411 0.862745 0.32549
0.929411 0.862745 0.329411
0.929411 0.862745 0.337254
0.933333 0.862745 0.345098
0.933333 0.866666 0.349019
0.933333 0.866666 0.356862
0.933333 0.866666 0.360784
0.933333 0.866666 0.368627
0.937254 0.870588 0.372549
0.937254 0.870588 0.37647
0.937254 0.870588 0.384313
0.937254 0.870588 0.388235
0.941176 0.874509 0.396078
0.941176 0.874509 0.4
0.941176 0.874509 0.407843
0.941176 0.874509 0.411764
0.941176 0.878431 0.419607
0.945098 0.878431 0.423529
0.945098 0.878431 0.42745
0.945098 0.882352 0.435294
0.945098 0.882352 0.439215
0.949019 0.882352 0.443137
0.949019 0.882352 0.45098
0.949019 0.886274 0.454901
0.949019 0.886274 0.462745
0.949019 0.886274 0.466666
0.952941 0.886274 0.470588
0.952941 0.890196 0.478431
0.952941 0.890196 0.482352
0.952941 0.890196 0.486274
0.952941 0.890196 0.494117
0.956862 0.894117 0.498039
0.956862 0.894117 0.50196
0.956862 0.894117 0.509803
0.956862 0.894117 0.513725
0.956862 0.898039 0.517647
0.960784 0.898039 0.52549
0.960784 0.898039 0.529411
0.960784 0.90196 0.533333
0.960784 0.90196 0.541176
0.960784 0.90196 0.545098
0.964705 0.90196 0.549019
0.964705 0.905882 0.556862
0.964705 0.905882 0.560784
0.964705 0.905882 0.564705
0.964705 0.905882 0.568627
0.964705 0.909803 0.57647
0.968627 0.909803 0.580392
0.968627 0.909803 0.584313
0.968627 0.909803 0.592156
0.968627 0.913725 0.596078
0.968627 0.913725 0.6
0.968627 0.913725 0.607843
0.972549 0.917647 0.611764
0.972549 0.917647 0.615686
0.972549 0.917647 0.619607
0.972549 0.917647 0.62745
0.972549 0.921568 0.631372
0.972549 0.921568 0.635294
0.97647 0.921568 0.643137
0.97647 0.921568 0.647058
0.97647 0.92549 0.65098
0.97647 0.92549 0.654901
0.97647 0.92549 0.662745
0.97647 0.929411 0.666666
0.97647 0.929411 0.670588
0.980392 0.929411 0.674509
0.980392 0.929411 0.682352
0.980392 0.933333 0.686274
0.980392 0.933333 0.690196
0.980392 0.933333 0.698039
0.980392 0.933333 0.70196
0.980392 0.937254 0.705882
0.984313 0.937254 0.709803
0.984313 0.937254 0.717647
0.984313 0.937254 0.721568
0.984313 0.941176 0.72549
0.984313 0.941176 0.729411
0.984313 0.941176 0.737254
0.984313 0.945098 0.741176
0.984313 0.945098 0.745098
0.988235 0.945098 0.752941
0.988235 0.945098 0.756862
0.988235 0.949019 0.760784
0.988235 0.949019 0.764705
0.988235 0.949019 0.772549
0.988235 0.949019 0.77647
0.988235 0.952941 0.780392
0.988235 0.952941 0.784313
0.988235 0.952941 0.792156
0.992156 0.956862 0.796078
0.992156 0.956862 0.8
0.992156 0.956862 0.803921
0.992156 0.956862 0.811764
0.992156 0.960784 0.815686
0.992156 0.960784 0.819607
0.992156 0.960784 0.82745
0.992156 0.964705 0.831372
0.992156 0.964705 0.835294
0.992156 0.964705 0.839215
0.992156 0.964705 0.847058
0.996078 0.968627 0.85098
0.996078 0.968627 0.854901
0.996078 0.968627 0.858823
0.996078 0.968627 0.866666
0.996078 0.972549 0.870588
0.996078 0.972549 0.874509
0.996078 0.972549 0.878431
0.996078 0.97647 0.886274
0.996078 0.97647 0.890196
0.996078 0.97647 0.894117
0.996078 0.97647 0.90196
0.996078 0.980392 0.905882
0.996078 0.980392 0.909803
0.996078 0.980392 0.913725
0.996078 0.984313 0.921568
0.996078 0.984313 0.92549
1.0 0.984313 0.929411
1.0 0.984313 0.933333
1.0 0.988235 0.941176
1.0 0.988235 0.945098
1.0 0.988235 0.949019
1.0 0.988235 0.956862
1.0 0.992156 0.960784
1.0 0.992156 0.964705
1.0 0.992156 0.968627
1.0 0.996078 0.97647
1.0 0.996078 0.980392
1.0 0.996078 0.984313
1.0 0.996078 0.988235
1.0 1.0 0.996078
1.0 1.0 1.0
