0.0 0.0 0.0
0.003921 0.0 0.003921
0.003921 0.0 0.007843
0.007843 0.003921 0.015686
0.011764 0.003921 0.019607
0.011764 0.003921 0.023529
0.015686 0.003921 0.02745
0.019607 0.003921 0.031372
0.019607 0.007843 0.039215
0.023529 0.007843 0.043137
0.023529 0.007843 0.047058
0.02745 0.007843 0.05098
0.031372 0.007843 0.054901
0.031372 0.011764 0.058823
0.035294 0.011764 0.062745
0.039215 0.011764 0.066666
0.039215 0.011764 0.066666
0.043137 0.011764 0.070588
0.047058 0.015686 0.074509
0.047058 0.015686 0.078431
0.05098 0.015686 0.078431
0.05098 0.015686 0.082352
0.054901 0.015686 0.086274
0.054901 0.019607 0.090196
0.058823 0.019607 0.090196
0.058823 0.019607 0.094117
0.062745 0.019607 0.094117
0.062745 0.019607 0.098039
0.066666 0.023529 0.10196
0.066666 0.023529 0.10196
0.070588 0.023529 0.105882
0.070588 0.023529 0.105882
0.070588 0.023529 0.109803
0.074509 0.02745 0.113725
0.074509 0.02745 0.113725
0.078431 0.02745 0.117647
0.078431 0.02745 0.117647
0.078431 0.02745 0.121568
0.082352 0.031372 0.12549
0.082352 0.031372 0.12549
0.082352 0.031372 0.129411
0.082352 0.031372 0.133333
0.086274 0.031372 0.133333
0.086274 0.035294 0.137254
0.086274 0.035294 0.137254
0.086274 0.035294 0.141176
0.090196 0.035294 0.145098
0.090196 0.035294 0.145098
0.090196 0.039215 0.149019
0.090196 0.039215 0.152941
0.094117 0.039215 0.152941
0.094117 0.039215 0.156862
0.094117 0.039215 0.160784
0.094117 0.043137 0.160784
0.094117 0.043137 0.164705
0.098039 0.043137 0.168627
0.098039 0.043137 0.168627
0.098039 0.043137 0.172549
0.098039 0.047058 0.172549
0.098039 0.047058 0.17647
0.098039 0.047058 0.180392
0.10196 0.047058 0.180392
0.10196 0.047058 0.184313
0.10196 0.047058 0.188235
0.10196 0.05098 0.188235
0.10196 0.05098 0.192156
0.105882 0.05098 0.196078
0.105882 0.05098 0.196078
0.105882 0.05098 0.2
0.105882 0.05098 0.203921
0.105882 0.05098 0.203921
0.109803 0.05098 0.207843
0.109803 0.05098 0.211764
0.109803 0.054901 0.211764
0.109803 0.054901 0.215686
0.109803 0.054901 0.219607
0.113725 0.054901 0.223529
0.113725 0.054901 0.223529
0.113725 0.054901 0.22745
0.113725 0.054901 0.231372
0.117647 0.054901 0.231372
0.117647 0.054901 0.235294
0.117647 0.054901 0.239215
0.117647 0.054901 0.239215
0.117647 0.054901 0.243137
0.121568 0.054901 0.247058
0.121568 0.054901 0.247058
0.121568 0.054901 0.25098
0.121568 0.054901 0.254901
0.12549 0.054901 0.254901
0.12549 0.054901 0.258823
0.12549 0.054901 0.262745
0.12549 0.054901 0.266666
0.12549 0.058823 0.266666
0.129411 0.058823 0.270588
0.129411 0.058823 0.274509
0.129411 0.058823 0.274509
0.129411 0.058823 0.278431
0.133333 0.058823 0.282352
0.133333 0.058823 0.286274
0.133333 0.058823 0.286274
0.133333 0.058823 0.290196
0.133333 0.058823 0.294117
0.137254 0.058823 0.294117
0.137254 0.058823 0.298039
0.137254 0.058823 0.30196
0.137254 0.058823 0.305882
0.137254 0.058823 0.305882
0.141176 0.058823 0.309803
0.141176 0.058823 0.313725
0.141176 0.058823 0.313725
0.141176 0.058823 0.317647
0.145098 0.058823 0.321568
0.145098 0.058823 0.32549
0.145098 0.058823 0.32549
0.145098 0.058823 0.329411
0.145098 0.058823 0.333333
0.149019 0.058823 0.337254
0.149019 0.058823 0.337254
0.149019 0.058823 0.341176
0.149019 0.058823 0.345098
0.149019 0.058823 0.345098
0.152941 0.058823 0.349019
0.152941 0.058823 0.352941
0.152941 0.058823 0.356862
0.152941 0.058823 0.356862
0.152941 0.058823 0.360784
0.156862 0.058823 0.364705
0.156862 0.058823 0.368627
0.156862 0.058823 0.368627
0.156862 0.058823 0.372549
0.156862 0.058823 0.37647
0.160784 0.058823 0.380392
0.160784 0.058823 0.380392
0.160784 0.058823 0.384313
0.160784 0.058823 0.388235
0.160784 0.058823 0.392156
0.164705 0.058823 0.392156
0.164705 0.058823 0.396078
0.164705 0.058823 0.4
0.164705 0.058823 0.403921
0.164705 0.058823 0.403921
0.164705 0.058823 0.407843
0.168627 0.058823 0.411764
0.168627 0.058823 0.415686
0.168627 0.058823 0.415686
0.168627 0.058823 0.419607
0.168627 0.058823 0.423529
0.172549 0.058823 0.42745
0.172549 0.058823 0.42745
0.172549 0.058823 0.431372
0.172549 0.058823 0.435294
0.172549 0.058823 0.439215
0.17647 0.058823 0.439215
0.17647 0.058823 0.443137
0.17647 0.058823 0.447058
0.17647 0.058823 0.45098
0.17647 0.058823 0.45098
0.17647 0.058823 0.454901
0.180392 0.058823 0.458823
0.180392 0.058823 0.462745
0.180392 0.058823 0.466666
0.180392 0.058823 0.466666
0.180392 0.054901 0.470588
0.184313 0.054901 0.474509
0.184313 0.054901 0.478431
0.184313 0.054901 0.478431
0.184313 0.054901 0.482352
0.184313 0.054901 0.486274
0.184313 0.054901 0.490196
0.188235 0.054901 0.494117
0.188235 0.054901 0.494117
0.188235 0.054901 0.498039
0.188235 0.054901 0.50196
0.188235 0.054901 0.505882
0.188235 0.054901 0.505882
0.192156 0.054901 0.509803
0.192156 0.054901 0.513725
0.192156 0.054901 0.517647
0.192156 0.054901 0.521568
0.192156 0.054901 0.521568
0.196078 0.054901 0.52549
0.196078 0.054901 0.529411
0.196078 0.05098 0.533333
0.196078 0.05098 0.537254
0.196078 0.05098 0.537254
0.196078 0.05098 0.541176
0.2 0.05098 0.545098
0.2 0.05098 0.549019
0.2 0.05098 0.552941
0.2 0.05098 0.552941
0.2 0.05098 0.556862
0.2 0.05098 0.560784
0.203921 0.05098 0.564705
0.203921 0.05098 0.568627
0.203921 0.05098 0.568627
0.203921 0.047058 0.572549
0.203921 0.047058 0.57647
0.203921 0.047058 0.580392
0.203921 0.047058 0.584313
0.207843 0.047058 0.584313
0.207843 0.047058 0.588235
0.207843 0.047058 0.592156
0.207843 0.047058 0.596078
0.207843 0.047058 0.6
0.207843 0.047058 0.6
0.211764 0.043137 0.603921
0.211764 0.043137 0.607843
0.211764 0.043137 0.611764
0.211764 0.043137 0.615686
0.211764 0.043137 0.615686
0.211764 0.043137 0.619607
0.215686 0.043137 0.623529
0.215686 0.043137 0.62745
0.215686 0.039215 0.631372
0.215686 0.039215 0.631372
0.215686 0.039215 0.635294
0.215686 0.039215 0.639215
0.215686 0.039215 0.643137
0.219607 0.039215 0.647058
0.219607 0.039215 0.65098
0.219607 0.035294 0.65098
0.219607 0.035294 0.654901
0.219607 0.035294 0.658823
0.219607 0.035294 0.662745
0.223529 0.035294 0.662745
0.22745 0.035294 0.666666
0.22745 0.031372 0.666666
0.231372 0.031372 0.670588
0.231372 0.031372 0.670588
0.235294 0.031372 0.670588
0.235294 0.02745 0.674509
0.239215 0.02745 0.674509
0.243137 0.02745 0.678431
0.243137 0.02745 0.678431
0.247058 0.023529 0.682352
0.247058 0.023529 0.682352
0.25098 0.023529 0.686274
0.25098 0.023529 0.686274
0.254901 0.023529 0.690196
0.254901 0.019607 0.690196
0.258823 0.019607 0.690196
0.258823 0.019607 0.694117
0.262745 0.015686 0.694117
0.266666 0.015686 0.698039
0.266666 0.015686 0.698039
0.270588 0.015686 0.70196
0.270588 0.011764 0.70196
0.274509 0.011764 0.705882
0.274509 0.011764 0.705882
0.278431 0.011764 0.709803
0.278431 0.007843 0.709803
0.282352 0.007843 0.713725
0.282352 0.007843 0.713725
0.286274 0.003921 0.713725
0.286274 0.003921 0.717647
0.290196 0.003921 0.717647
0.290196 0.003921 0.721568
0.294117 0.0 0.721568
0.298039 0.0 0.72549
0.298039 0.0 0.72549
0.30196 0.0 0.729411
0.30196 0.0 0.729411
0.305882 0.0 0.733333
0.305882 0.0 0.733333
0.309803 0.0 0.737254
0.309803 0.0 0.737254
0.313725 0.0 0.737254
0.313725 0.0 0.741176
0.317647 0.0 0.741176
0.317647 0.0 0.745098
0.321568 0.0 0.745098
0.321568 0.0 0.749019
0.32549 0.0 0.749019
0.32549 0.0 0.752941
0.329411 0.0 0.752941
0.329411 0.0 0.756862
0.333333 0.0 0.756862
0.333333 0.0 0.760784
0.337254 0.0 0.760784
0.337254 0.0 0.760784
0.341176 0.0 0.764705
0.345098 0.0 0.764705
0.345098 0.0 0.768627
0.349019 0.0 0.768627
0.349019 0.0 0.772549
0.352941 0.0 0.772549
0.352941 0.0 0.77647
0.356862 0.0 0.77647
0.356862 0.0 0.780392
0.360784 0.0 0.780392
0.360784 0.0 0.784313
0.364705 0.0 0.784313
0.364705 0.0 0.788235
0.368627 0.0 0.788235
0.368627 0.0 0.788235
0.372549 0.0 0.792156
0.372549 0.0 0.792156
0.37647 0.0 0.796078
0.37647 0.0 0.796078
0.380392 0.0 0.8
0.380392 0.0 0.8
0.384313 0.0 0.803921
0.384313 0.0 0.803921
0.388235 0.0 0.807843
0.388235 0.0 0.807843
0.392156 0.0 0.811764
0.392156 0.0 0.811764
0.396078 0.0 0.815686
0.396078 0.0 0.815686
0.4 0.0 0.815686
0.4 0.0 0.819607
0.403921 0.0 0.819607
0.403921 0.0 0.823529
0.407843 0.0 0.823529
0.407843 0.0 0.82745
0.411764 0.0 0.82745
0.411764 0.0 0.831372
0.415686 0.0 0.831372
0.415686 0.0 0.835294
0.419607 0.0 0.835294
0.419607 0.0 0.839215
0.423529 0.0 0.839215
0.423529 0.0 0.843137
0.42745 0.0 0.843137
0.42745 0.0 0.847058
0.431372 0.0 0.847058
0.431372 0.0 0.85098
0.435294 0.0 0.85098
0.435294 0.0 0.85098
0.439215 0.0 0.854901
0.439215 0.0 0.854901
0.443137 0.0 0.858823
0.447058 0.0 0.858823
0.447058 0.0 0.862745
0.45098 0.0 0.862745
0.45098 0.0 0.866666
0.454901 0.0 0.866666
0.454901 0.0 0.870588
0.458823 0.0 0.870588
0.458823 0.0 0.874509
0.462745 0.0 0.874509
0.462745 0.0 0.878431
0.466666 0.0 0.878431
0.466666 0.0 0.882352
0.470588 0.0 0.882352
0.470588 0.0 0.886274
0.474509 0.0 0.886274
0.474509 0.0 0.890196
0.478431 0.0 0.890196
0.478431 0.0 0.890196
0.482352 0.0 0.894117
0.482352 0.0 0.894117
0.486274 0.0 0.898039
0.490196 0.0 0.894117
0.498039 0.0 0.886274
0.50196 0.0 0.882352
0.505882 0.0 0.874509
0.513725 0.0 0.870588
0.517647 0.0 0.866666
0.52549 0.0 0.858823
0.529411 0.0 0.854901
0.533333 0.0 0.85098
0.537254 0.0 0.843137
0.545098 0.0 0.839215
0.549019 0.0 0.835294
0.552941 0.0 0.82745
0.556862 0.0 0.823529
0.564705 0.0 0.815686
0.568627 0.0 0.811764
0.572549 0.0 0.807843
0.57647 0.0 0.8
0.580392 0.0 0.796078
0.584313 0.0 0.792156
0.588235 0.0 0.784313
0.592156 0.0 0.780392
0.596078 0.0 0.77647
0.6 0.0 0.768627
0.603921 0.0 0.764705
0.607843 0.0 0.760784
0.611764 0.0 0.752941
0.615686 0.0 0.749019
0.619607 0.0 0.745098
0.623529 0.0 0.737254
0.62745 0.0 0.733333
0.631372 0.0 0.729411
0.635294 0.0 0.721568
0.639215 0.0 0.717647
0.643137 0.0 0.713725
0.647058 0.0 0.705882
0.647058 0.0 0.70196
0.65098 0.0 0.698039
0.654901 0.0 0.690196
0.658823 0.0 0.686274
0.662745 0.0 0.682352
0.666666 0.0 0.674509
0.666666 0.0 0.670588
0.670588 0.0 0.666666
0.674509 0.0 0.658823
0.678431 0.0 0.654901
0.678431 0.0 0.65098
0.682352 0.0 0.647058
0.686274 0.0 0.639215
0.690196 0.0 0.635294
0.690196 0.0 0.631372
0.694117 0.0 0.623529
0.698039 0.0 0.619607
0.70196 0.0 0.615686
0.70196 0.0 0.607843
0.705882 0.0 0.603921
0.709803 0.0 0.6
0.709803 0.0 0.592156
0.713725 0.0 0.588235
0.717647 0.0 0.584313
0.717647 0.0 0.580392
0.721568 0.0 0.572549
0.72549 0.0 0.568627
0.72549 0.0 0.564705
0.729411 0.0 0.556862
0.733333 0.0 0.552941
0.733333 0.0 0.549019
0.737254 0.0 0.545098
0.737254 0.0 0.537254
0.741176 0.0 0.533333
0.745098 0.0 0.529411
0.745098 0.0 0.521568
0.749019 0.0 0.517647
0.749019 0.0 0.513725
0.752941 0.0 0.509803
0.752941 0.0 0.50196
0.756862 0.0 0.498039
0.760784 0.0 0.494117
0.760784 0.0 0.486274
0.764705 0.0 0.482352
0.764705 0.0 0.478431
0.768627 0.0 0.474509
0.768627 0.0 0.466666
0.772549 0.0 0.462745
0.772549 0.0 0.458823
0.77647 0.0 0.45098
0.77647 0.0 0.447058
0.780392 0.0 0.443137
0.780392 0.0 0.439215
0.784313 0.0 0.431372
0.784313 0.0 0.42745
0.788235 0.0 0.423529
0.788235 0.0 0.419607
0.792156 0.0 0.411764
0.792156 0.0 0.407843
0.796078 0.0 0.403921
0.796078 0.0 0.4
0.8 0.0 0.392156
0.8 0.0 0.388235
0.803921 0.0 0.384313
0.803921 0.0 0.37647
0.807843 0.0 0.372549
0.807843 0.0 0.368627
0.811764 0.0 0.364705
0.811764 0.0 0.356862
0.815686 0.0 0.352941
0.815686 0.0 0.349019
0.815686 0.0 0.341176
0.819607 0.0 0.337254
0.819607 0.0 0.333333
0.823529 0.0 0.329411
0.823529 0.0 0.321568
0.82745 0.003921 0.317647
0.82745 0.007843 0.313725
0.82745 0.011764 0.309803
0.831372 0.015686 0.30196
0.831372 0.019607 0.298039
0.835294 0.023529 0.294117
0.835294 0.02745 0.286274
0.835294 0.031372 0.282352
0.839215 0.035294 0.278431
0.839215 0.039215 0.270588
0.843137 0.043137 0.266666
0.843137 0.047058 0.262745
0.843137 0.05098 0.254901
0.847058 0.054901 0.25098
0.847058 0.058823 0.247058
0.85098 0.062745 0.239215
0.85098 0.066666 0.239215
0.85098 0.074509 0.239215
0.85098 0.078431 0.239215
0.85098 0.082352 0.239215
0.854901 0.090196 0.239215
0.854901 0.094117 0.239215
0.854901 0.098039 0.239215
0.854901 0.10196 0.239215
0.854901 0.105882 0.239215
0.854901 0.109803 0.239215
0.858823 0.113725 0.239215
0.858823 0.117647 0.239215
0.858823 0.121568 0.239215
0.858823 0.12549 0.239215
0.858823 0.129411 0.239215
0.862745 0.129411 0.239215
0.862745 0.133333 0.239215
0.862745 0.137254 0.239215
0.862745 0.141176 0.239215
0.862745 0.145098 0.239215
0.866666 0.145098 0.239215
0.866666 0.149019 0.239215
0.866666 0.152941 0.239215
0.866666 0.156862 0.239215
0.866666 0.160784 0.239215
0.866666 0.160784 0.239215
0.870588 0.164705 0.239215
0.870588 0.168627 0.239215
0.870588 0.168627 0.239215
0.870588 0.172549 0.239215
0.870588 0.17647 0.239215
0.874509 0.17647 0.239215
0.874509 0.180392 0.239215
0.874509 0.184313 0.239215
0.874509 0.184313 0.239215
0.874509 0.188235 0.239215
0.874509 0.192156 0.239215
0.878431 0.192156 0.239215
0.878431 0.196078 0.239215
0.878431 0.2 0.239215
0.878431 0.2 0.239215
0.878431 0.203921 0.239215
0.882352 0.203921 0.239215
0.882352 0.207843 0.239215
0.882352 0.211764 0.239215
0.882352 0.211764 0.239215
0.882352 0.215686 0.239215
0.882352 0.215686 0.239215
0.886274 0.219607 0.239215
0.886274 0.223529 0.239215
0.886274 0.223529 0.239215
0.886274 0.22745 0.239215
0.886274 0.22745 0.239215
0.890196 0.231372 0.239215
0.890196 0.231372 0.239215
0.890196 0.235294 0.239215
0.890196 0.235294 0.239215
0.890196 0.239215 0.239215
0.890196 0.239215 0.239215
0.894117 0.243137 0.239215
0.894117 0.247058 0.239215
0.894117 0.247058 0.239215
0.894117 0.25098 0.239215
0.894117 0.25098 0.239215
0.898039 0.254901 0.235294
0.898039 0.254901 0.235294
0.898039 0.258823 0.235294
0.898039 0.258823 0.235294
0.898039 0.262745 0.235294
0.898039 0.262745 0.235294
0.90196 0.266666 0.235294
0.90196 0.266666 0.235294
0.90196 0.270588 0.235294
0.90196 0.270588 0.235294
0.90196 0.274509 0.235294
0.905882 0.274509 0.235294
0.905882 0.278431 0.235294
0.905882 0.278431 0.235294
0.905882 0.282352 0.235294
0.905882 0.282352 0.235294
0.905882 0.286274 0.235294
0.909803 0.286274 0.235294
0.909803 0.290196 0.235294
0.909803 0.290196 0.235294
0.909803 0.294117 0.235294
0.909803 0.294117 0.235294
0.913725 0.298039 0.235294
0.913725 0.298039 0.235294
0.913725 0.30196 0.235294
0.913725 0.30196 0.235294
0.913725 0.30196 0.235294
0.913725 0.305882 0.235294
0.917647 0.305882 0.235294
0.917647 0.309803 0.235294
0.917647 0.309803 0.235294
0.917647 0.313725 0.235294
0.917647 0.313725 0.235294
0.917647 0.317647 0.235294
0.921568 0.317647 0.235294
0.921568 0.321568 0.235294
0.921568 0.321568 0.235294
0.921568 0.32549 0.235294
0.921568 0.32549 0.235294
0.92549 0.32549 0.235294
0.92549 0.329411 0.235294
0.92549 0.329411 0.235294
0.92549 0.333333 0.235294
0.92549 0.333333 0.231372
0.92549 0.337254 0.231372
0.929411 0.337254 0.231372
0.929411 0.341176 0.231372
0.929411 0.341176 0.231372
0.929411 0.341176 0.231372
0.929411 0.345098 0.231372
0.929411 0.345098 0.231372
0.933333 0.349019 0.231372
0.933333 0.349019 0.231372
0.933333 0.352941 0.231372
0.933333 0.352941 0.231372
0.933333 0.352941 0.231372
0.937254 0.356862 0.231372
0.937254 0.356862 0.231372
0.937254 0.360784 0.231372
0.937254 0.360784 0.231372
0.937254 0.364705 0.231372
0.937254 0.364705 0.231372
0.941176 0.364705 0.231372
0.941176 0.368627 0.231372
0.941176 0.368627 0.231372
0.941176 0.372549 0.231372
0.941176 0.372549 0.231372
0.941176 0.37647 0.231372
0.945098 0.37647 0.231372
0.945098 0.37647 0.231372
0.945098 0.380392 0.231372
0.945098 0.380392 0.231372
0.945098 0.384313 0.231372
0.945098 0.384313 0.22745
0.949019 0.384313 0.22745
0.949019 0.388235 0.22745
0.949019 0.388235 0.22745
0.949019 0.392156 0.22745
0.949019 0.392156 0.22745
0.952941 0.396078 0.22745
0.952941 0.396078 0.22745
0.952941 0.396078 0.22745
0.952941 0.4 0.22745
0.952941 0.4 0.22745
0.952941 0.403921 0.22745
0.956862 0.403921 0.22745
0.956862 0.403921 0.22745
0.956862 0.407843 0.22745
0.956862 0.407843 0.22745
0.956862 0.411764 0.22745
0.956862 0.411764 0.22745
0.960784 0.411764 0.22745
0.960784 0.415686 0.22745
0.960784 0.415686 0.22745
0.960784 0.419607 0.22745
0.960784 0.419607 0.22745
0.960784 0.419607 0.22745
0.964705 0.423529 0.223529
0.964705 0.423529 0.223529
0.964705 0.42745 0.223529
0.964705 0.42745 0.223529
0.964705 0.431372 0.223529
0.964705 0.431372 0.223529
0.968627 0.431372 0.223529
0.968627 0.435294 0.223529
0.968627 0.435294 0.223529
0.968627 0.435294 0.223529
0.968627 0.439215 0.223529
0.968627 0.439215 0.223529
0.972549 0.443137 0.223529
0.972549 0.443137 0.223529
0.972549 0.443137 0.223529
0.972549 0.447058 0.223529
0.972549 0.447058 0.223529
0.97647 0.45098 0.223529
0.97647 0.45098 0.223529
0.97647 0.45098 0.223529
0.97647 0.454901 0.223529
0.97647 0.454901 0.219607
0.97647 0.458823 0.219607
0.980392 0.458823 0.219607
0.980392 0.458823 0.219607
0.980392 0.462745 0.219607
0.980392 0.466666 0.219607
0.97647 0.466666 0.219607
0.97647 0.470588 0.219607
0.97647 0.470588 0.219607
0.97647 0.474509 0.219607
0.97647 0.474509 0.219607
0.97647 0.478431 0.215686
0.97647 0.482352 0.215686
0.97647 0.482352 0.215686
0.97647 0.486274 0.215686
0.97647 0.486274 0.215686
0.97647 0.490196 0.215686
0.97647 0.490196 0.215686
0.97647 0.494117 0.215686
0.97647 0.494117 0.215686
0.97647 0.498039 0.211764
0.97647 0.50196 0.211764
0.972549 0.50196 0.211764
0.972549 0.505882 0.211764
0.972549 0.505882 0.211764
0.972549 0.509803 0.211764
0.972549 0.509803 0.211764
0.972549 0.513725 0.211764
0.972549 0.513725 0.211764
0.972549 0.517647 0.207843
0.972549 0.517647 0.207843
0.972549 0.521568 0.207843
0.972549 0.52549 0.207843
0.972549 0.52549 0.207843
0.972549 0.529411 0.207843
0.972549 0.529411 0.207843
0.972549 0.533333 0.207843
0.968627 0.533333 0.203921
0.968627 0.537254 0.203921
0.968627 0.537254 0.203921
0.968627 0.541176 0.203921
0.968627 0.541176 0.203921
0.968627 0.545098 0.203921
0.968627 0.545098 0.203921
0.968627 0.549019 0.203921
0.968627 0.549019 0.2
0.968627 0.552941 0.2
0.968627 0.552941 0.2
0.968627 0.556862 0.2
0.968627 0.556862 0.2
0.964705 0.560784 0.2
0.964705 0.560784 0.2
0.964705 0.564705 0.2
0.964705 0.564705 0.196078
0.964705 0.568627 0.196078
0.964705 0.568627 0.196078
0.964705 0.572549 0.196078
0.964705 0.572549 0.196078
0.964705 0.57647 0.196078
0.964705 0.57647 0.196078
0.964705 0.580392 0.192156
0.964705 0.580392 0.192156
0.964705 0.584313 0.192156
0.960784 0.584313 0.192156
0.960784 0.588235 0.192156
0.960784 0.588235 0.192156
0.960784 0.592156 0.192156
0.960784 0.592156 0.188235
0.960784 0.596078 0.188235
0.960784 0.596078 0.188235
0.960784 0.6 0.188235
0.960784 0.6 0.188235
0.960784 0.603921 0.188235
0.960784 0.603921 0.184313
0.956862 0.607843 0.184313
0.956862 0.607843 0.184313
0.956862 0.611764 0.184313
0.956862 0.611764 0.184313
0.956862 0.615686 0.184313
0.956862 0.615686 0.180392
0.956862 0.619607 0.180392
0.956862 0.619607 0.180392
0.956862 0.623529 0.180392
0.956862 0.623529 0.180392
0.956862 0.62745 0.180392
0.952941 0.62745 0.17647
0.952941 0.631372 0.17647
0.952941 0.631372 0.17647
0.952941 0.635294 0.17647
0.952941 0.635294 0.17647
0.952941 0.639215 0.17647
0.952941 0.639215 0.172549
0.952941 0.643137 0.172549
0.952941 0.643137 0.172549
0.952941 0.647058 0.172549
0.949019 0.647058 0.172549
0.949019 0.65098 0.168627
0.949019 0.65098 0.168627
0.949019 0.654901 0.168627
0.949019 0.654901 0.168627
0.949019 0.658823 0.168627
0.949019 0.658823 0.168627
0.949019 0.658823 0.164705
0.949019 0.662745 0.164705
0.945098 0.662745 0.164705
0.945098 0.666666 0.164705
0.945098 0.666666 0.164705
0.945098 0.670588 0.160784
0.945098 0.670588 0.160784
0.945098 0.674509 0.160784
0.945098 0.674509 0.160784
0.945098 0.678431 0.156862
0.945098 0.678431 0.156862
0.941176 0.682352 0.156862
0.941176 0.682352 0.156862
0.941176 0.686274 0.156862
0.941176 0.686274 0.152941
0.941176 0.690196 0.152941
0.941176 0.690196 0.152941
0.941176 0.690196 0.152941
0.941176 0.694117 0.149019
0.941176 0.694117 0.149019
0.937254 0.698039 0.149019
0.937254 0.698039 0.149019
0.937254 0.70196 0.149019
0.937254 0.70196 0.145098
0.937254 0.705882 0.145098
0.937254 0.705882 0.145098
0.937254 0.709803 0.145098
0.937254 0.709803 0.141176
0.933333 0.713725 0.141176
0.933333 0.713725 0.141176
0.933333 0.713725 0.141176
0.933333 0.717647 0.137254
0.933333 0.717647 0.137254
0.933333 0.721568 0.137254
0.933333 0.721568 0.133333
0.933333 0.72549 0.133333
0.929411 0.72549 0.133333
0.929411 0.729411 0.133333
0.929411 0.729411 0.129411
0.929411 0.733333 0.129411
0.929411 0.733333 0.129411
0.929411 0.737254 0.129411
0.929411 0.737254 0.12549
0.92549 0.737254 0.12549
0.92549 0.741176 0.12549
0.92549 0.741176 0.121568
0.92549 0.745098 0.121568
0.92549 0.745098 0.121568
0.92549 0.749019 0.117647
0.92549 0.749019 0.117647
0.92549 0.752941 0.117647
0.921568 0.752941 0.113725
0.921568 0.752941 0.113725
0.921568 0.756862 0.113725
0.921568 0.756862 0.109803
0.921568 0.760784 0.109803
0.921568 0.760784 0.109803
0.921568 0.764705 0.105882
0.917647 0.764705 0.105882
0.917647 0.768627 0.105882
0.917647 0.768627 0.10196
0.917647 0.772549 0.10196
0.917647 0.772549 0.098039
0.917647 0.772549 0.098039
0.917647 0.77647 0.098039
0.913725 0.77647 0.094117
0.913725 0.780392 0.094117
0.913725 0.780392 0.090196
0.913725 0.784313 0.090196
0.913725 0.784313 0.090196
0.913725 0.788235 0.086274
0.909803 0.788235 0.086274
0.909803 0.788235 0.082352
0.909803 0.792156 0.082352
0.909803 0.792156 0.078431
0.909803 0.796078 0.078431
0.909803 0.796078 0.074509
0.909803 0.8 0.074509
0.905882 0.8 0.070588
0.905882 0.803921 0.070588
0.905882 0.803921 0.066666
0.905882 0.803921 0.062745
0.905882 0.807843 0.062745
0.905882 0.807843 0.058823
0.90196 0.811764 0.058823
0.90196 0.811764 0.054901
0.90196 0.815686 0.05098
0.90196 0.815686 0.047058
0.90196 0.819607 0.047058
0.90196 0.819607 0.043137
0.898039 0.819607 0.039215
0.898039 0.823529 0.035294
0.898039 0.823529 0.031372
0.898039 0.82745 0.031372
0.898039 0.82745 0.02745
0.898039 0.831372 0.031372
0.898039 0.831372 0.058823
0.898039 0.831372 0.078431
0.90196 0.831372 0.094117
0.90196 0.835294 0.105882
0.90196 0.835294 0.121568
0.90196 0.835294 0.133333
0.905882 0.835294 0.145098
0.905882 0.839215 0.152941
0.905882 0.839215 0.164705
0.905882 0.839215 0.172549
0.909803 0.839215 0.184313
0.909803 0.843137 0.192156
0.909803 0.843137 0.2
0.913725 0.843137 0.207843
0.913725 0.843137 0.215686
0.913725 0.847058 0.223529
0.913725 0.847058 0.231372
0.917647 0.847058 0.239215
0.917647 0.847058 0.247058
0.917647 0.85098 0.254901
0.917647 0.85098 0.258823
0.921568 0.85098 0.266666
0.921568 0.85098 0.274509
0.921568 0.854901 0.282352
0.921568 0.854901 0.286274
0.92549 0.854901 0.294117
0.92549 0.858823 0.30196
0.92549 0.858823 0.305882
0.92549 0.858823 0.313725
0.929411 0.858823 0.317647
0.929411 0.862745 0.32549
0.929411 0.862745 0.329411
0.929411 0.862745 0.337254
0.933333 0.862745 0.345098
0.933333 0.866666 0.349019
0.933333 0.866666 0.356862
0.933333 0.866666 0.360784
0.933333 0.866666 0.368627
0.937254 0.870588 0.372549
0.937254 0.870588 0.37647
0.937254 0.870588 0.384313
0.937254 0.870588 0.388235
0.941176 0.874509 0.396078
0.941176 0.874509 0.4
0.941176 0.874509 0.407843
0.941176 0.874509 0.411764
0.941176 0.878431 0.419607
0.945098 0.878431 0.423529
0.945098 0.878431 0.42745
0.945098 0.882352 0.435294
0.945098 0.882352 0.439215
0.949019 0.882352 0.443137
0.949019 0.882352 0.45098
0.949019 0.886274 0.454901
0.949019 0.886274 0.462745
0.949019 0.886274 0.466666
0.952941 0.886274 0.470588
0.952941 0.890196 0.478431
0.952941 0.890196 0.482352
0.952941 0.890196 0.486274
0.952941 0.890196 0.494117
0.956862 0.894117 0.498039
0.956862 0.894117 0.50196
0.956862 0.894117 0.509803
0.956862 0.894117 0.513725
0.956862 0.898039 0.517647
0.960784 0.898039 0.52549
0.960784 0.898039 0.529411
0.960784 0.90196 0.533333
0.960784 0.90196 0.541176
0.960784 0.90196 0.545098
0.964705 0.90196 0.549019
0.964705 0.905882 0.556862
0.964705 0.905882 0.560784
0.964705 0.905882 0.564705
0.964705 0.905882 0.568627
0.964705 0.909803 0.57647
0.968627 0.909803 0.580392
0.968627 0.909803 0.584313
0.968627 0.909803 0.592156
0.968627 0.913725 0.596078
0.968627 0.913725 0.6
0.968627 0.913725 0.607843
0.972549 0.917647 0.611764
0.972549 0.917647 0.615686
0.972549 0.917647 0.619607
0.972549 0.917647 0.62745
0.972549 0.921568 0.631372
0.972549 0.921568 0.635294
0.97647 0.921568 0.643137
0.97647 0.921568 0.647058
0.97647 0.92549 0.65098
0.97647 0.92549 0.654901
0.97647 0.92549 0.662745
0.97647 0.929411 0.666666
0.97647 0.929411 0.670588
0.980392 0.929411 0.674509
0.980392 0.929411 0.682352
0.980392 0.933333 0.686274
0.980392 0.933333 0.690196
0.980392 0.933333 0.698039
0.980392 0.933333 0.70196
0.980392 0.937254 0.705882
0.984313 0.937254 0.709803
0.984313 0.937254 0.717647
0.984313 0.937254 0.721568
0.984313 0.941176 0.72549
0.984313 0.941176 0.729411
0.984313 0.941176 0.737254
0.984313 0.945098 0.741176
0.984313 0.945098 0.745098
0.988235 0.945098 0.752941
0.988235 0.945098 0.756862
0.988235 0.949019 0.760784
0.988235 0.949019 0.764705
0.988235 0.949019 0.772549
0.988235 0.949019 0.77647
0.988235 0.952941 0.780392
0.988235 0.952941 0.784313
0.988235 0.952941 0.792156
0.992156 0.956862 0.796078
0.992156 0.956862 0.8
0.992156 0.956862 0.803921
0.992156 0.956862 0.811764
0.992156 0.960784 0.815686
0.992156 0.960784 0.819607
0.992156 0.960784 0.82745
0.992156 0.964705 0.831372
0.992156 0.964705 0.835294
0.992156 0.964705 0.839215
0.992156 0.964705 0.847058
0.996078 0.968627 0.85098
0.996078 0.968627 0.854901
0.996078 0.968627 0.858823
0.996078 0.968627 0.866666
0.996078 0.972549 0.870588
0.996078 0.972549 0.874509
0.996078 0.972549 0.878431
0.996078 0.97647 0.886274
0.996078 0.97647 0.890196
0.996078 0.97647 0.894117
0.996078 0.97647 0.90196
0.996078 0.980392 0.905882
0.996078 0.980392 0.909803
0.996078 0.980392 0.913725
0.996078 0.984313 0.921568
0.996078 0.984313 0.92549
1.0 0.984313 0.929411
1.0 0.984313 0.933333
1.0 0.988235 0.941176
1.0 0.988235 0.945098
1.0 0.988235 0.949019
1.0 0.988235 0.956862
1.0 0.992156 0.960784
1.0 0.992156 0.964705
1.0 0.992156 0.968627
1.0 0.996078 0.97647
1.0 0.996078 0.980392
1.0 0.996078 0.984313
1.0 0.996078 0.988235
1.0 1.0 0.996078
1.0 1.0 1.0
