0.0 0.0 0.0
0.003921 0.0 0.003921
0.007843 0.0 0.007843
0.011764 0.0 0.011764
0.019607 0.0 0.015686
0.023529 0.0 0.019607
0.02745 0.0 0.023529
0.031372 0.0 0.02745
0.035294 0.0 0.031372
0.039215 0.003921 0.035294
0.043137 0.003921 0.043137
0.047058 0.003921 0.047058
0.05098 0.003921 0.05098
0.054901 0.003921 0.054901
0.058823 0.003921 0.058823
0.062745 0.003921 0.062745
0.066666 0.003921 0.066666
0.070588 0.003921 0.070588
0.070588 0.003921 0.070588
0.074509 0.003921 0.074509
0.078431 0.003921 0.078431
0.078431 0.003921 0.082352
0.082352 0.003921 0.086274
0.086274 0.003921 0.090196
0.086274 0.003921 0.090196
0.090196 0.003921 0.094117
0.094117 0.003921 0.098039
0.094117 0.003921 0.10196
0.098039 0.003921 0.10196
0.098039 0.003921 0.105882
0.10196 0.003921 0.109803
0.10196 0.003921 0.113725
0.105882 0.003921 0.117647
0.105882 0.003921 0.117647
0.109803 0.003921 0.121568
0.109803 0.007843 0.12549
0.109803 0.007843 0.129411
0.113725 0.007843 0.133333
0.113725 0.007843 0.137254
0.113725 0.007843 0.141176
0.117647 0.007843 0.141176
0.117647 0.007843 0.145098
0.117647 0.007843 0.149019
0.121568 0.007843 0.152941
0.121568 0.007843 0.156862
0.121568 0.007843 0.160784
0.121568 0.007843 0.164705
0.12549 0.007843 0.168627
0.12549 0.007843 0.172549
0.12549 0.007843 0.17647
0.12549 0.007843 0.180392
0.129411 0.007843 0.184313
0.129411 0.007843 0.188235
0.129411 0.007843 0.192156
0.129411 0.007843 0.192156
0.129411 0.007843 0.196078
0.133333 0.007843 0.2
0.133333 0.007843 0.203921
0.133333 0.011764 0.207843
0.133333 0.011764 0.211764
0.133333 0.011764 0.215686
0.137254 0.011764 0.219607
0.137254 0.011764 0.223529
0.137254 0.011764 0.223529
0.137254 0.011764 0.22745
0.137254 0.011764 0.231372
0.137254 0.011764 0.235294
0.137254 0.011764 0.239215
0.141176 0.011764 0.243137
0.141176 0.011764 0.243137
0.141176 0.011764 0.247058
0.141176 0.011764 0.25098
0.141176 0.011764 0.254901
0.141176 0.011764 0.258823
0.141176 0.011764 0.258823
0.141176 0.011764 0.262745
0.141176 0.011764 0.266666
0.145098 0.011764 0.270588
0.145098 0.011764 0.274509
0.145098 0.011764 0.274509
0.145098 0.011764 0.278431
0.145098 0.011764 0.282352
0.145098 0.011764 0.286274
0.145098 0.011764 0.286274
0.145098 0.015686 0.290196
0.145098 0.015686 0.294117
0.145098 0.015686 0.294117
0.149019 0.015686 0.298039
0.149019 0.015686 0.30196
0.149019 0.015686 0.305882
0.149019 0.015686 0.305882
0.149019 0.015686 0.309803
0.149019 0.015686 0.313725
0.149019 0.015686 0.313725
0.149019 0.015686 0.317647
0.149019 0.015686 0.321568
0.152941 0.015686 0.32549
0.152941 0.015686 0.32549
0.152941 0.015686 0.329411
0.152941 0.015686 0.333333
0.152941 0.015686 0.333333
0.152941 0.015686 0.337254
0.152941 0.015686 0.341176
0.152941 0.015686 0.341176
0.156862 0.015686 0.345098
0.156862 0.015686 0.349019
0.156862 0.015686 0.349019
0.156862 0.015686 0.352941
0.156862 0.015686 0.356862
0.156862 0.015686 0.356862
0.156862 0.015686 0.360784
0.160784 0.015686 0.364705
0.160784 0.015686 0.364705
0.160784 0.015686 0.368627
0.160784 0.019607 0.372549
0.160784 0.019607 0.372549
0.160784 0.019607 0.37647
0.164705 0.019607 0.37647
0.164705 0.019607 0.380392
0.164705 0.019607 0.384313
0.164705 0.019607 0.384313
0.164705 0.019607 0.388235
0.168627 0.019607 0.388235
0.168627 0.019607 0.392156
0.168627 0.019607 0.396078
0.168627 0.019607 0.396078
0.168627 0.019607 0.4
0.172549 0.019607 0.4
0.172549 0.019607 0.403921
0.172549 0.019607 0.407843
0.172549 0.019607 0.407843
0.172549 0.019607 0.411764
0.172549 0.019607 0.415686
0.172549 0.019607 0.419607
0.172549 0.019607 0.419607
0.172549 0.019607 0.423529
0.172549 0.019607 0.42745
0.172549 0.019607 0.431372
0.172549 0.019607 0.435294
0.172549 0.019607 0.439215
0.172549 0.019607 0.443137
0.172549 0.019607 0.447058
0.172549 0.019607 0.45098
0.168627 0.023529 0.454901
0.168627 0.023529 0.458823
0.168627 0.023529 0.462745
0.164705 0.023529 0.470588
0.164705 0.023529 0.474509
0.160784 0.023529 0.478431
0.156862 0.023529 0.486274
0.156862 0.023529 0.490196
0.152941 0.023529 0.498039
0.149019 0.023529 0.505882
0.141176 0.023529 0.513725
0.137254 0.023529 0.517647
0.129411 0.023529 0.52549
0.121568 0.02745 0.533333
0.113725 0.02745 0.545098
0.10196 0.02745 0.552941
0.090196 0.02745 0.560784
0.070588 0.02745 0.572549
0.043137 0.02745 0.584313
0.02745 0.035294 0.584313
0.02745 0.043137 0.580392
0.02745 0.05098 0.57647
0.02745 0.058823 0.572549
0.02745 0.066666 0.564705
0.02745 0.074509 0.560784
0.02745 0.078431 0.556862
0.02745 0.086274 0.549019
0.02745 0.090196 0.545098
0.02745 0.094117 0.537254
0.02745 0.10196 0.533333
0.023529 0.105882 0.529411
0.023529 0.109803 0.521568
0.023529 0.113725 0.517647
0.023529 0.117647 0.513725
0.023529 0.121568 0.505882
0.023529 0.12549 0.50196
0.023529 0.129411 0.498039
0.023529 0.133333 0.494117
0.023529 0.137254 0.486274
0.023529 0.137254 0.482352
0.023529 0.141176 0.478431
0.023529 0.145098 0.470588
0.023529 0.149019 0.466666
0.023529 0.152941 0.462745
0.023529 0.152941 0.458823
0.023529 0.156862 0.454901
0.019607 0.160784 0.447058
0.019607 0.160784 0.443137
0.019607 0.164705 0.439215
0.019607 0.164705 0.435294
0.019607 0.168627 0.431372
0.019607 0.172549 0.42745
0.019607 0.172549 0.423529
0.019607 0.17647 0.415686
0.019607 0.17647 0.411764
0.019607 0.180392 0.407843
0.019607 0.180392 0.403921
0.019607 0.184313 0.4
0.019607 0.184313 0.396078
0.019607 0.188235 0.392156
0.019607 0.188235 0.388235
0.019607 0.192156 0.384313
0.019607 0.192156 0.380392
0.019607 0.196078 0.37647
0.019607 0.196078 0.37647
0.019607 0.2 0.372549
0.015686 0.2 0.368627
0.015686 0.203921 0.364705
0.015686 0.203921 0.360784
0.015686 0.203921 0.356862
0.015686 0.207843 0.352941
0.015686 0.207843 0.352941
0.015686 0.211764 0.349019
0.015686 0.211764 0.345098
0.015686 0.211764 0.341176
0.015686 0.215686 0.341176
0.015686 0.215686 0.337254
0.015686 0.219607 0.333333
0.015686 0.219607 0.329411
0.015686 0.219607 0.329411
0.015686 0.223529 0.32549
0.015686 0.223529 0.321568
0.015686 0.223529 0.321568
0.015686 0.22745 0.317647
0.015686 0.22745 0.317647
0.015686 0.231372 0.313725
0.015686 0.231372 0.309803
0.015686 0.231372 0.309803
0.015686 0.235294 0.305882
0.015686 0.235294 0.305882
0.015686 0.235294 0.30196
0.015686 0.239215 0.30196
0.015686 0.239215 0.298039
0.015686 0.239215 0.294117
0.015686 0.239215 0.294117
0.015686 0.243137 0.290196
0.015686 0.243137 0.290196
0.015686 0.243137 0.290196
0.015686 0.247058 0.286274
0.011764 0.247058 0.286274
0.015686 0.247058 0.282352
0.011764 0.25098 0.282352
0.011764 0.25098 0.278431
0.011764 0.25098 0.278431
0.011764 0.254901 0.274509
0.011764 0.254901 0.274509
0.011764 0.254901 0.274509
0.011764 0.258823 0.270588
0.011764 0.258823 0.270588
0.011764 0.258823 0.270588
0.011764 0.258823 0.266666
0.011764 0.262745 0.266666
0.011764 0.262745 0.262745
0.011764 0.262745 0.262745
0.011764 0.266666 0.262745
0.011764 0.266666 0.258823
0.011764 0.266666 0.258823
0.011764 0.266666 0.258823
0.011764 0.270588 0.254901
0.011764 0.270588 0.254901
0.011764 0.270588 0.254901
0.011764 0.274509 0.25098
0.011764 0.274509 0.25098
0.011764 0.274509 0.25098
0.011764 0.278431 0.247058
0.011764 0.278431 0.247058
0.011764 0.278431 0.243137
0.011764 0.278431 0.243137
0.011764 0.282352 0.243137
0.011764 0.282352 0.239215
0.011764 0.282352 0.239215
0.011764 0.286274 0.239215
0.015686 0.286274 0.235294
0.015686 0.286274 0.235294
0.015686 0.286274 0.231372
0.015686 0.290196 0.231372
0.015686 0.290196 0.231372
0.015686 0.290196 0.22745
0.015686 0.294117 0.22745
0.015686 0.294117 0.223529
0.015686 0.294117 0.223529
0.015686 0.294117 0.223529
0.015686 0.298039 0.219607
0.015686 0.298039 0.219607
0.015686 0.298039 0.215686
0.015686 0.30196 0.215686
0.015686 0.30196 0.215686
0.015686 0.30196 0.211764
0.015686 0.30196 0.211764
0.015686 0.305882 0.207843
0.015686 0.305882 0.207843
0.015686 0.305882 0.207843
0.015686 0.309803 0.203921
0.015686 0.309803 0.203921
0.015686 0.309803 0.2
0.015686 0.309803 0.2
0.015686 0.313725 0.196078
0.015686 0.313725 0.196078
0.015686 0.313725 0.192156
0.015686 0.317647 0.192156
0.015686 0.317647 0.192156
0.015686 0.317647 0.188235
0.015686 0.317647 0.188235
0.015686 0.321568 0.184313
0.015686 0.321568 0.184313
0.015686 0.321568 0.180392
0.015686 0.32549 0.180392
0.015686 0.32549 0.17647
0.015686 0.32549 0.17647
0.015686 0.32549 0.17647
0.015686 0.329411 0.172549
0.015686 0.329411 0.172549
0.015686 0.329411 0.168627
0.015686 0.329411 0.168627
0.015686 0.333333 0.164705
0.015686 0.333333 0.164705
0.015686 0.333333 0.160784
0.015686 0.337254 0.160784
0.015686 0.337254 0.156862
0.015686 0.337254 0.156862
0.015686 0.337254 0.152941
0.015686 0.341176 0.152941
0.015686 0.341176 0.149019
0.015686 0.341176 0.149019
0.015686 0.345098 0.145098
0.015686 0.345098 0.145098
0.015686 0.345098 0.141176
0.015686 0.345098 0.141176
0.015686 0.349019 0.137254
0.015686 0.349019 0.137254
0.015686 0.349019 0.133333
0.015686 0.352941 0.133333
0.015686 0.352941 0.129411
0.015686 0.352941 0.129411
0.015686 0.352941 0.12549
0.015686 0.356862 0.121568
0.015686 0.356862 0.121568
0.015686 0.356862 0.117647
0.015686 0.356862 0.117647
0.015686 0.360784 0.113725
0.015686 0.360784 0.113725
0.019607 0.360784 0.109803
0.019607 0.364705 0.109803
0.019607 0.364705 0.105882
0.019607 0.364705 0.105882
0.019607 0.364705 0.10196
0.019607 0.368627 0.10196
0.019607 0.368627 0.098039
0.019607 0.368627 0.098039
0.019607 0.372549 0.094117
0.019607 0.372549 0.094117
0.019607 0.372549 0.090196
0.019607 0.372549 0.090196
0.019607 0.37647 0.086274
0.019607 0.37647 0.086274
0.019607 0.37647 0.082352
0.019607 0.37647 0.082352
0.019607 0.380392 0.078431
0.019607 0.380392 0.078431
0.019607 0.380392 0.074509
0.019607 0.384313 0.074509
0.019607 0.384313 0.070588
0.019607 0.384313 0.070588
0.019607 0.384313 0.070588
0.019607 0.388235 0.066666
0.019607 0.388235 0.066666
0.019607 0.388235 0.066666
0.019607 0.388235 0.062745
0.019607 0.392156 0.062745
0.019607 0.392156 0.062745
0.019607 0.392156 0.058823
0.019607 0.396078 0.058823
0.019607 0.396078 0.058823
0.019607 0.396078 0.054901
0.019607 0.396078 0.054901
0.019607 0.4 0.054901
0.019607 0.4 0.054901
0.019607 0.4 0.054901
0.019607 0.4 0.054901
0.019607 0.403921 0.05098
0.019607 0.403921 0.05098
0.019607 0.403921 0.05098
0.019607 0.407843 0.05098
0.019607 0.407843 0.05098
0.019607 0.407843 0.05098
0.019607 0.407843 0.05098
0.019607 0.411764 0.05098
0.019607 0.411764 0.05098
0.019607 0.411764 0.05098
0.019607 0.411764 0.047058
0.019607 0.415686 0.047058
0.019607 0.415686 0.047058
0.019607 0.415686 0.047058
0.019607 0.415686 0.047058
0.019607 0.419607 0.043137
0.019607 0.419607 0.043137
0.019607 0.419607 0.043137
0.019607 0.423529 0.043137
0.019607 0.423529 0.039215
0.019607 0.423529 0.039215
0.019607 0.423529 0.035294
0.019607 0.42745 0.035294
0.019607 0.42745 0.035294
0.019607 0.42745 0.031372
0.019607 0.431372 0.02745
0.019607 0.431372 0.02745
0.019607 0.431372 0.023529
0.019607 0.431372 0.023529
0.023529 0.435294 0.019607
0.02745 0.435294 0.019607
0.035294 0.435294 0.019607
0.039215 0.435294 0.019607
0.043137 0.439215 0.019607
0.05098 0.439215 0.019607
0.054901 0.439215 0.019607
0.058823 0.439215 0.019607
0.066666 0.439215 0.019607
0.070588 0.443137 0.019607
0.074509 0.443137 0.019607
0.082352 0.443137 0.019607
0.086274 0.443137 0.019607
0.090196 0.443137 0.019607
0.094117 0.447058 0.023529
0.098039 0.447058 0.023529
0.10196 0.447058 0.023529
0.109803 0.447058 0.023529
0.113725 0.45098 0.023529
0.117647 0.45098 0.023529
0.121568 0.45098 0.023529
0.12549 0.45098 0.023529
0.129411 0.45098 0.023529
0.133333 0.45098 0.023529
0.141176 0.454901 0.023529
0.145098 0.454901 0.023529
0.149019 0.454901 0.023529
0.152941 0.454901 0.023529
0.156862 0.454901 0.023529
0.160784 0.458823 0.023529
0.164705 0.458823 0.023529
0.168627 0.458823 0.023529
0.172549 0.458823 0.023529
0.180392 0.458823 0.023529
0.184313 0.458823 0.023529
0.188235 0.462745 0.023529
0.192156 0.462745 0.023529
0.196078 0.462745 0.023529
0.2 0.462745 0.023529
0.203921 0.462745 0.023529
0.207843 0.462745 0.023529
0.211764 0.466666 0.023529
0.215686 0.466666 0.023529
0.219607 0.466666 0.023529
0.22745 0.466666 0.023529
0.231372 0.466666 0.023529
0.235294 0.466666 0.023529
0.239215 0.466666 0.023529
0.243137 0.470588 0.023529
0.247058 0.470588 0.023529
0.25098 0.470588 0.023529
0.254901 0.470588 0.023529
0.258823 0.470588 0.023529
0.262745 0.470588 0.023529
0.266666 0.470588 0.023529
0.270588 0.474509 0.023529
0.278431 0.474509 0.023529
0.282352 0.474509 0.023529
0.286274 0.474509 0.023529
0.290196 0.474509 0.023529
0.294117 0.474509 0.023529
0.298039 0.474509 0.023529
0.30196 0.474509 0.023529
0.305882 0.474509 0.023529
0.309803 0.478431 0.023529
0.313725 0.478431 0.023529
0.317647 0.478431 0.023529
0.321568 0.478431 0.023529
0.32549 0.478431 0.023529
0.329411 0.478431 0.023529
0.337254 0.478431 0.023529
0.341176 0.478431 0.023529
0.345098 0.478431 0.023529
0.349019 0.478431 0.023529
0.352941 0.478431 0.023529
0.356862 0.482352 0.023529
0.360784 0.482352 0.023529
0.364705 0.482352 0.023529
0.368627 0.482352 0.023529
0.372549 0.482352 0.023529
0.37647 0.482352 0.023529
0.380392 0.482352 0.023529
0.384313 0.482352 0.023529
0.388235 0.482352 0.023529
0.392156 0.482352 0.023529
0.396078 0.482352 0.023529
0.4 0.482352 0.023529
0.407843 0.482352 0.023529
0.411764 0.482352 0.023529
0.415686 0.482352 0.023529
0.419607 0.482352 0.023529
0.423529 0.486274 0.023529
0.42745 0.486274 0.023529
0.431372 0.486274 0.023529
0.435294 0.486274 0.023529
0.439215 0.486274 0.023529
0.443137 0.486274 0.023529
0.447058 0.486274 0.023529
0.45098 0.486274 0.023529
0.454901 0.486274 0.023529
0.458823 0.486274 0.023529
0.462745 0.486274 0.023529
0.466666 0.486274 0.023529
0.470588 0.486274 0.023529
0.474509 0.486274 0.023529
0.478431 0.486274 0.023529
0.482352 0.486274 0.023529
0.486274 0.486274 0.023529
0.490196 0.486274 0.023529
0.498039 0.486274 0.023529
0.50196 0.486274 0.023529
0.505882 0.486274 0.023529
0.509803 0.486274 0.023529
0.513725 0.486274 0.023529
0.517647 0.486274 0.023529
0.521568 0.486274 0.023529
0.529411 0.486274 0.023529
0.533333 0.486274 0.02745
0.537254 0.482352 0.02745
0.541176 0.482352 0.02745
0.545098 0.482352 0.02745
0.552941 0.482352 0.02745
0.556862 0.482352 0.02745
0.560784 0.482352 0.02745
0.568627 0.482352 0.02745
0.572549 0.482352 0.02745
0.57647 0.478431 0.02745
0.580392 0.478431 0.02745
0.588235 0.478431 0.02745
0.592156 0.478431 0.02745
0.596078 0.478431 0.02745
0.603921 0.478431 0.02745
0.607843 0.474509 0.02745
0.615686 0.474509 0.031372
0.619607 0.474509 0.031372
0.623529 0.474509 0.031372
0.631372 0.470588 0.031372
0.635294 0.470588 0.031372
0.643137 0.470588 0.031372
0.647058 0.470588 0.031372
0.65098 0.466666 0.031372
0.658823 0.466666 0.031372
0.662745 0.466666 0.031372
0.670588 0.462745 0.031372
0.674509 0.462745 0.031372
0.682352 0.462745 0.031372
0.690196 0.458823 0.031372
0.694117 0.458823 0.031372
0.70196 0.454901 0.035294
0.705882 0.454901 0.035294
0.713725 0.45098 0.035294
0.717647 0.45098 0.035294
0.72549 0.447058 0.035294
0.733333 0.447058 0.035294
0.737254 0.443137 0.035294
0.745098 0.443137 0.035294
0.749019 0.439215 0.035294
0.756862 0.439215 0.035294
0.764705 0.435294 0.035294
0.768627 0.435294 0.035294
0.77647 0.431372 0.035294
0.784313 0.42745 0.039215
0.788235 0.42745 0.039215
0.796078 0.423529 0.039215
0.803921 0.419607 0.039215
0.807843 0.415686 0.039215
0.815686 0.415686 0.039215
0.823529 0.411764 0.039215
0.831372 0.407843 0.039215
0.835294 0.403921 0.039215
0.843137 0.4 0.039215
0.85098 0.396078 0.039215
0.854901 0.396078 0.039215
0.862745 0.392156 0.043137
0.870588 0.388235 0.043137
0.878431 0.384313 0.043137
0.882352 0.380392 0.043137
0.890196 0.37647 0.043137
0.898039 0.372549 0.043137
0.90196 0.364705 0.043137
0.909803 0.360784 0.043137
0.917647 0.356862 0.043137
0.921568 0.352941 0.043137
0.929411 0.349019 0.043137
0.937254 0.345098 0.043137
0.945098 0.337254 0.047058
0.949019 0.333333 0.047058
0.952941 0.329411 0.05098
0.956862 0.333333 0.066666
0.956862 0.333333 0.082352
0.956862 0.333333 0.094117
0.956862 0.337254 0.105882
0.956862 0.337254 0.117647
0.956862 0.341176 0.12549
0.960784 0.341176 0.137254
0.960784 0.345098 0.145098
0.960784 0.345098 0.152941
0.960784 0.349019 0.160784
0.960784 0.349019 0.168627
0.960784 0.352941 0.172549
0.960784 0.352941 0.180392
0.960784 0.356862 0.184313
0.960784 0.356862 0.192156
0.960784 0.360784 0.196078
0.960784 0.360784 0.203921
0.960784 0.364705 0.207843
0.960784 0.364705 0.211764
0.960784 0.368627 0.219607
0.964705 0.368627 0.223529
0.964705 0.372549 0.22745
0.964705 0.372549 0.231372
0.964705 0.37647 0.235294
0.964705 0.37647 0.239215
0.964705 0.380392 0.243137
0.964705 0.380392 0.247058
0.964705 0.384313 0.25098
0.964705 0.384313 0.254901
0.964705 0.388235 0.254901
0.964705 0.388235 0.258823
0.964705 0.392156 0.262745
0.964705 0.392156 0.266666
0.964705 0.396078 0.270588
0.964705 0.396078 0.270588
0.964705 0.4 0.274509
0.964705 0.4 0.278431
0.964705 0.403921 0.278431
0.964705 0.403921 0.282352
0.964705 0.407843 0.286274
0.964705 0.407843 0.286274
0.964705 0.411764 0.290196
0.964705 0.411764 0.294117
0.964705 0.415686 0.298039
0.968627 0.415686 0.305882
0.968627 0.419607 0.309803
0.968627 0.419607 0.313725
0.968627 0.419607 0.317647
0.968627 0.423529 0.321568
0.968627 0.423529 0.32549
0.968627 0.42745 0.329411
0.968627 0.42745 0.333333
0.968627 0.431372 0.341176
0.968627 0.431372 0.345098
0.968627 0.431372 0.349019
0.968627 0.435294 0.356862
0.968627 0.435294 0.360784
0.968627 0.439215 0.364705
0.968627 0.439215 0.372549
0.968627 0.439215 0.37647
0.972549 0.443137 0.384313
0.972549 0.443137 0.388235
0.972549 0.447058 0.396078
0.972549 0.447058 0.4
0.972549 0.447058 0.407843
0.972549 0.45098 0.411764
0.972549 0.45098 0.419607
0.972549 0.45098 0.423529
0.972549 0.454901 0.431372
0.972549 0.454901 0.435294
0.972549 0.454901 0.443137
0.972549 0.458823 0.45098
0.972549 0.458823 0.454901
0.972549 0.458823 0.462745
0.972549 0.462745 0.466666
0.972549 0.462745 0.474509
0.972549 0.466666 0.482352
0.97647 0.466666 0.486274
0.97647 0.466666 0.494117
0.97647 0.470588 0.498039
0.97647 0.470588 0.505882
0.97647 0.470588 0.509803
0.97647 0.474509 0.517647
0.97647 0.474509 0.52549
0.97647 0.478431 0.529411
0.97647 0.478431 0.537254
0.97647 0.478431 0.541176
0.97647 0.482352 0.549019
0.97647 0.482352 0.552941
0.97647 0.482352 0.560784
0.97647 0.486274 0.564705
0.97647 0.486274 0.572549
0.97647 0.486274 0.57647
0.97647 0.490196 0.584313
0.97647 0.490196 0.588235
0.97647 0.490196 0.596078
0.97647 0.494117 0.6
0.97647 0.494117 0.607843
0.97647 0.494117 0.611764
0.97647 0.498039 0.619607
0.97647 0.498039 0.623529
0.97647 0.498039 0.631372
0.97647 0.50196 0.635294
0.97647 0.50196 0.643137
0.97647 0.50196 0.647058
0.97647 0.505882 0.654901
0.97647 0.505882 0.658823
0.97647 0.505882 0.662745
0.97647 0.509803 0.670588
0.97647 0.509803 0.674509
0.97647 0.509803 0.682352
0.97647 0.513725 0.686274
0.97647 0.513725 0.690196
0.97647 0.513725 0.698039
0.97647 0.517647 0.70196
0.97647 0.517647 0.705882
0.97647 0.517647 0.713725
0.97647 0.521568 0.717647
0.97647 0.521568 0.72549
0.97647 0.521568 0.729411
0.97647 0.52549 0.733333
0.97647 0.52549 0.737254
0.97647 0.52549 0.745098
0.97647 0.529411 0.749019
0.97647 0.529411 0.752941
0.97647 0.529411 0.760784
0.97647 0.533333 0.764705
0.97647 0.533333 0.768627
0.97647 0.533333 0.772549
0.97647 0.537254 0.780392
0.97647 0.537254 0.784313
0.97647 0.537254 0.788235
0.97647 0.541176 0.792156
0.97647 0.541176 0.8
0.97647 0.541176 0.803921
0.97647 0.545098 0.807843
0.97647 0.545098 0.811764
0.97647 0.545098 0.815686
0.97647 0.549019 0.823529
0.97647 0.549019 0.82745
0.980392 0.549019 0.831372
0.980392 0.549019 0.835294
0.980392 0.552941 0.839215
0.980392 0.552941 0.843137
0.980392 0.552941 0.85098
0.980392 0.556862 0.854901
0.980392 0.556862 0.858823
0.980392 0.556862 0.862745
0.980392 0.560784 0.866666
0.980392 0.560784 0.870588
0.980392 0.560784 0.874509
0.980392 0.564705 0.878431
0.980392 0.564705 0.882352
0.980392 0.564705 0.886274
0.980392 0.568627 0.890196
0.980392 0.568627 0.894117
0.980392 0.568627 0.898039
0.980392 0.572549 0.90196
0.980392 0.572549 0.905882
0.980392 0.572549 0.909803
0.980392 0.57647 0.913725
0.980392 0.57647 0.917647
0.980392 0.57647 0.921568
0.980392 0.580392 0.92549
0.980392 0.580392 0.929411
0.980392 0.580392 0.933333
0.980392 0.584313 0.937254
0.980392 0.584313 0.941176
0.980392 0.584313 0.945098
0.980392 0.588235 0.949019
0.980392 0.588235 0.952941
0.980392 0.588235 0.956862
0.980392 0.592156 0.960784
0.980392 0.592156 0.964705
0.980392 0.592156 0.964705
0.980392 0.596078 0.968627
0.980392 0.596078 0.972549
0.980392 0.596078 0.97647
0.980392 0.6 0.980392
0.97647 0.603921 0.980392
0.972549 0.607843 0.980392
0.972549 0.607843 0.980392
0.968627 0.611764 0.980392
0.964705 0.615686 0.980392
0.964705 0.619607 0.980392
0.960784 0.623529 0.980392
0.956862 0.62745 0.980392
0.956862 0.631372 0.980392
0.952941 0.631372 0.984313
0.949019 0.635294 0.984313
0.949019 0.639215 0.984313
0.945098 0.643137 0.984313
0.941176 0.643137 0.984313
0.941176 0.647058 0.984313
0.937254 0.65098 0.984313
0.937254 0.654901 0.984313
0.933333 0.654901 0.984313
0.933333 0.658823 0.984313
0.929411 0.662745 0.984313
0.929411 0.662745 0.984313
0.92549 0.666666 0.984313
0.92549 0.670588 0.984313
0.92549 0.670588 0.984313
0.921568 0.674509 0.984313
0.921568 0.678431 0.984313
0.917647 0.678431 0.984313
0.917647 0.682352 0.984313
0.917647 0.682352 0.984313
0.913725 0.686274 0.984313
0.913725 0.690196 0.984313
0.913725 0.690196 0.984313
0.909803 0.694117 0.984313
0.909803 0.694117 0.984313
0.909803 0.698039 0.984313
0.905882 0.698039 0.984313
0.905882 0.70196 0.984313
0.905882 0.70196 0.984313
0.90196 0.705882 0.984313
0.90196 0.705882 0.984313
0.90196 0.709803 0.984313
0.90196 0.713725 0.984313
0.90196 0.713725 0.984313
0.898039 0.717647 0.988235
0.898039 0.717647 0.988235
0.898039 0.721568 0.988235
0.898039 0.721568 0.988235
0.898039 0.72549 0.988235
0.894117 0.72549 0.988235
0.894117 0.72549 0.988235
0.894117 0.729411 0.988235
0.894117 0.729411 0.988235
0.894117 0.733333 0.988235
0.894117 0.733333 0.988235
0.894117 0.737254 0.988235
0.894117 0.737254 0.988235
0.890196 0.741176 0.988235
0.890196 0.741176 0.988235
0.890196 0.745098 0.988235
0.890196 0.745098 0.988235
0.890196 0.745098 0.988235
0.890196 0.749019 0.988235
0.890196 0.749019 0.988235
0.890196 0.752941 0.988235
0.890196 0.752941 0.988235
0.890196 0.756862 0.988235
0.890196 0.756862 0.988235
0.890196 0.756862 0.988235
0.890196 0.760784 0.988235
0.890196 0.760784 0.988235
0.890196 0.764705 0.988235
0.890196 0.764705 0.988235
0.890196 0.764705 0.988235
0.890196 0.768627 0.988235
0.890196 0.768627 0.988235
0.890196 0.772549 0.988235
0.890196 0.772549 0.988235
0.890196 0.772549 0.988235
0.890196 0.77647 0.988235
0.890196 0.77647 0.988235
0.890196 0.780392 0.988235
0.890196 0.780392 0.988235
0.890196 0.780392 0.988235
0.890196 0.784313 0.988235
0.894117 0.784313 0.988235
0.894117 0.784313 0.988235
0.894117 0.788235 0.988235
0.894117 0.788235 0.988235
0.894117 0.792156 0.988235
0.894117 0.792156 0.988235
0.894117 0.792156 0.988235
0.894117 0.796078 0.988235
0.894117 0.796078 0.988235
0.894117 0.796078 0.988235
0.898039 0.8 0.992156
0.898039 0.8 0.992156
0.898039 0.8 0.992156
0.898039 0.803921 0.992156
0.898039 0.803921 0.992156
0.898039 0.807843 0.992156
0.898039 0.807843 0.992156
0.90196 0.807843 0.992156
0.90196 0.811764 0.992156
0.90196 0.811764 0.992156
0.90196 0.811764 0.992156
0.90196 0.815686 0.992156
0.90196 0.815686 0.992156
0.90196 0.815686 0.992156
0.905882 0.819607 0.992156
0.905882 0.819607 0.992156
0.905882 0.819607 0.992156
0.905882 0.823529 0.992156
0.905882 0.823529 0.992156
0.905882 0.823529 0.992156
0.909803 0.82745 0.992156
0.909803 0.82745 0.992156
0.909803 0.82745 0.992156
0.909803 0.831372 0.992156
0.909803 0.831372 0.992156
0.909803 0.831372 0.992156
0.913725 0.835294 0.992156
0.913725 0.835294 0.992156
0.913725 0.839215 0.992156
0.913725 0.839215 0.992156
0.913725 0.839215 0.992156
0.913725 0.843137 0.992156
0.913725 0.843137 0.992156
0.913725 0.843137 0.992156
0.913725 0.847058 0.992156
0.917647 0.847058 0.992156
0.917647 0.847058 0.992156
0.917647 0.85098 0.992156
0.917647 0.85098 0.992156
0.917647 0.854901 0.992156
0.917647 0.854901 0.992156
0.917647 0.854901 0.992156
0.917647 0.858823 0.992156
0.917647 0.858823 0.992156
0.917647 0.858823 0.992156
0.917647 0.862745 0.992156
0.917647 0.862745 0.992156
0.917647 0.866666 0.992156
0.917647 0.866666 0.992156
0.917647 0.866666 0.992156
0.921568 0.870588 0.992156
0.921568 0.870588 0.992156
0.921568 0.870588 0.992156
0.921568 0.874509 0.992156
0.921568 0.874509 0.992156
0.921568 0.878431 0.992156
0.921568 0.878431 0.996078
0.921568 0.878431 0.996078
0.921568 0.882352 0.996078
0.921568 0.882352 0.996078
0.921568 0.886274 0.996078
0.921568 0.886274 0.996078
0.921568 0.886274 0.996078
0.921568 0.890196 0.996078
0.921568 0.890196 0.996078
0.921568 0.890196 0.996078
0.921568 0.894117 0.996078
0.921568 0.894117 0.996078
0.921568 0.898039 0.996078
0.921568 0.898039 0.996078
0.921568 0.898039 0.996078
0.921568 0.90196 0.996078
0.921568 0.90196 0.996078
0.921568 0.905882 0.996078
0.921568 0.905882 0.996078
0.921568 0.905882 0.996078
0.921568 0.909803 0.996078
0.921568 0.909803 0.996078
0.921568 0.909803 0.996078
0.921568 0.913725 0.996078
0.921568 0.913725 0.996078
0.921568 0.917647 0.996078
0.921568 0.917647 0.996078
0.921568 0.917647 0.996078
0.921568 0.921568 0.996078
0.921568 0.921568 0.996078
0.92549 0.92549 0.996078
0.92549 0.92549 0.996078
0.92549 0.92549 0.996078
0.92549 0.929411 0.996078
0.92549 0.929411 0.996078
0.92549 0.929411 0.996078
0.92549 0.933333 0.996078
0.92549 0.933333 0.996078
0.92549 0.937254 0.996078
0.92549 0.937254 0.996078
0.92549 0.937254 0.996078
0.92549 0.941176 0.996078
0.92549 0.941176 0.996078
0.92549 0.941176 0.996078
0.929411 0.945098 0.996078
0.929411 0.945098 0.996078
0.929411 0.945098 0.996078
0.929411 0.949019 0.996078
0.929411 0.949019 0.996078
0.929411 0.949019 0.996078
0.929411 0.952941 0.996078
0.929411 0.952941 0.996078
0.929411 0.956862 0.996078
0.933333 0.956862 0.996078
0.933333 0.956862 0.996078
0.933333 0.960784 0.996078
0.933333 0.960784 0.996078
0.933333 0.960784 0.996078
0.933333 0.964705 0.996078
0.933333 0.964705 0.996078
0.937254 0.964705 0.996078
0.937254 0.968627 0.996078
0.937254 0.968627 0.996078
0.937254 0.968627 0.996078
0.937254 0.972549 0.996078
0.941176 0.972549 0.996078
0.941176 0.972549 0.996078
0.941176 0.97647 0.996078
0.941176 0.97647 0.996078
0.945098 0.97647 0.996078
0.945098 0.980392 0.996078
0.945098 0.980392 0.996078
0.945098 0.980392 0.996078
0.949019 0.980392 0.996078
0.949019 0.984313 0.996078
0.949019 0.984313 0.996078
0.952941 0.984313 0.996078
0.952941 0.988235 0.996078
0.952941 0.988235 0.996078
0.956862 0.988235 0.996078
0.956862 0.988235 0.996078
0.960784 0.992156 1.0
0.960784 0.992156 1.0
0.964705 0.992156 1.0
0.964705 0.992156 1.0
0.968627 0.996078 1.0
0.968627 0.996078 1.0
0.972549 0.996078 1.0
0.97647 0.996078 1.0
0.97647 0.996078 1.0
0.980392 1.0 1.0
0.984313 1.0 1.0
0.988235 1.0 1.0
0.992156 1.0 1.0
0.996078 1.0 1.0
1.0 1.0 1.0
