0.847 0.057 0.057
0.810128 0.264995 0.0534986
0.770197 0.342167 0.0495628
0.726447 0.397649 0.0450168
0.677753 0.442483 0.0395304
0.622337 0.480755 0.0323286
0.557085 0.514494 0.0202571
0.507994 0.533671 0
0.47336 0.544489 0
0.433845 0.554957 0
0.387121 0.565104 0
0.328283 0.574953 0
0.24257 0.584527 0
0 0.591015 0.153387
0 0.586048 0.299325
0 0.58101 0.375291
0 0.575897 0.431606
0 0.570707 0.477699
0 0.565436 0.517325
0 0.560081 0.552417
0.14545 0.537918 0.642934
0.196845 0.509439 0.727151
0.232126 0.478 0.797543
0.260142 0.442636 0.858801
0.283836 0.401752 0.913481
0.304603 0.35233 0.963153
0.367734 0.308481 0.977479
0.461198 0.288193 0.942223
0.530462 0.265169 0.904599
0.587146 0.238179 0.864143
0.635875 0.204738 0.820227
0.679024 0.158079 0.771958
0.718 0 0.718
