0 0 0
0.003921569 0.003921569 0.003921569
0.007843137 0.007843137 0.007843137
0.011764706 0.011764706 0.011764706
0.015686275 0.015686275 0.015686275
0.019607843 0.019607843 0.019607843
0.023529412 0.023529412 0.023529412
0.02745098 0.02745098 0.02745098
0.031372549 0.031372549 0.031372549
0.035294118 0.035294118 0.035294118
0.039215686 0.039215686 0.039215686
0.043137255 0.043137255 0.043137255
0.047058824 0.047058824 0.047058824
0.050980392 0.050980392 0.050980392
0.054901961 0.054901961 0.054901961
0.058823529 0.058823529 0.058823529
0.062745098 0.062745098 0.062745098
0.066666667 0.066666667 0.066666667
0.070588235 0.070588235 0.070588235
0.074509804 0.074509804 0.074509804
0.078431373 0.078431373 0.078431373
0.082352941 0.082352941 0.082352941
0.08627451 0.08627451 0.08627451
0.090196078 0.090196078 0.090196078
0.094117647 0.094117647 0.094117647
0.098039216 0.098039216 0.098039216
0.101960784 0.101960784 0.101960784
0.105882353 0.105882353 0.105882353
0.109803922 0.109803922 0.109803922
0.11372549 0.11372549 0.11372549
0.117647059 0.117647059 0.117647059
0.121568627 0.121568627 0.121568627
0.125490196 0.125490196 0.125490196
0.129411765 0.129411765 0.129411765
0.133333333 0.133333333 0.133333333
0.137254902 0.137254902 0.137254902
0.141176471 0.141176471 0.141176471
0.145098039 0.145098039 0.145098039
0.149019608 0.149019608 0.149019608
0.152941176 0.152941176 0.152941176
0.156862745 0.156862745 0.156862745
0.160784314 0.160784314 0.160784314
0.164705882 0.164705882 0.164705882
0.168627451 0.168627451 0.168627451
0.17254902 0.17254902 0.17254902
0.176470588 0.176470588 0.176470588
0.180392157 0.180392157 0.180392157
0.184313725 0.184313725 0.184313725
0.188235294 0.188235294 0.188235294
0.192156863 0.192156863 0.192156863
0.196078431 0.196078431 0.196078431
0.2 0.2 0.2
0.203921569 0.203921569 0.203921569
0.207843137 0.207843137 0.207843137
0.211764706 0.211764706 0.211764706
0.215686275 0.215686275 0.215686275
0.219607843 0.219607843 0.219607843
0.223529412 0.223529412 0.223529412
0.22745098 0.22745098 0.22745098
0.231372549 0.231372549 0.231372549
0.235294118 0.235294118 0.235294118
0.239215686 0.239215686 0.239215686
0.243137255 0.243137255 0.243137255
0.247058824 0.247058824 0.247058824
0.250980392 0.250980392 0.250980392
0.254901961 0.254901961 0.254901961
0.258823529 0.258823529 0.258823529
0.262745098 0.262745098 0.262745098
0.266666667 0.266666667 0.266666667
0.270588235 0.270588235 0.270588235
0.274509804 0.274509804 0.274509804
0.278431373 0.278431373 0.278431373
0.282352941 0.282352941 0.282352941
0.28627451 0.28627451 0.28627451
0.290196078 0.290196078 0.290196078
0.294117647 0.294117647 0.294117647
0.298039216 0.298039216 0.298039216
0.301960784 0.301960784 0.301960784
0.305882353 0.305882353 0.305882353
0.309803922 0.309803922 0.309803922
0.31372549 0.31372549 0.31372549
0.317647059 0.317647059 0.317647059
0.321568627 0.321568627 0.321568627
0.325490196 0.325490196 0.325490196
0.329411765 0.329411765 0.329411765
0.333333333 0.333333333 0.333333333
0.337254902 0.337254902 0.337254902
0.341176471 0.341176471 0.341176471
0.345098039 0.345098039 0.345098039
0.349019608 0.349019608 0.349019608
0.352941176 0.352941176 0.352941176
0.356862745 0.356862745 0.356862745
0.360784314 0.360784314 0.360784314
0.364705882 0.364705882 0.364705882
0.368627451 0.368627451 0.368627451
0.37254902 0.37254902 0.37254902
0.376470588 0.376470588 0.376470588
0.380392157 0.380392157 0.380392157
0.384313725 0.384313725 0.384313725
0.388235294 0.388235294 0.388235294
0.392156863 0.392156863 0.392156863
0.396078431 0.396078431 0.396078431
0.4 0.4 0.4
0.403921569 0.403921569 0.403921569
0.407843137 0.407843137 0.407843137
0.411764706 0.411764706 0.411764706
0.415686275 0.415686275 0.415686275
0.419607843 0.419607843 0.419607843
0.423529412 0.423529412 0.423529412
0.42745098 0.42745098 0.42745098
0.431372549 0.431372549 0.431372549
0.435294118 0.435294118 0.435294118
0.439215686 0.439215686 0.439215686
0.443137255 0.443137255 0.443137255
0.447058824 0.447058824 0.447058824
0.450980392 0.450980392 0.450980392
0.454901961 0.454901961 0.454901961
0.458823529 0.458823529 0.458823529
0.462745098 0.462745098 0.462745098
0.466666667 0.466666667 0.466666667
0.470588235 0.470588235 0.470588235
0.474509804 0.474509804 0.474509804
0.478431373 0.478431373 0.478431373
0.482352941 0.482352941 0.482352941
0.48627451 0.48627451 0.48627451
0.490196078 0.490196078 0.490196078
0.494117647 0.494117647 0.494117647
0.498039216 0.498039216 0.498039216
0.501960784 0.501960784 0.501960784
0.505882353 0.505882353 0.505882353
0.509803922 0.509803922 0.509803922
0.51372549 0.51372549 0.51372549
0.517647059 0.517647059 0.517647059
0.521568627 0.521568627 0.521568627
0.525490196 0.525490196 0.525490196
0.529411765 0.529411765 0.529411765
0.533333333 0.533333333 0.533333333
0.537254902 0.537254902 0.537254902
0.541176471 0.541176471 0.541176471
0.545098039 0.545098039 0.545098039
0.549019608 0.549019608 0.549019608
0.552941176 0.552941176 0.552941176
0.556862745 0.556862745 0.556862745
0.560784314 0.560784314 0.560784314
0.564705882 0.564705882 0.564705882
0.568627451 0.568627451 0.568627451
0.57254902 0.57254902 0.57254902
0.576470588 0.576470588 0.576470588
0.580392157 0.580392157 0.580392157
0.584313725 0.584313725 0.584313725
0.588235294 0.588235294 0.588235294
0.592156863 0.592156863 0.592156863
0.596078431 0.596078431 0.596078431
0.6 0.6 0.6
0.603921569 0.603921569 0.603921569
0.607843137 0.607843137 0.607843137
0.611764706 0.611764706 0.611764706
0.615686275 0.615686275 0.615686275
0.619607843 0.619607843 0.619607843
0.623529412 0.623529412 0.623529412
0.62745098 0.62745098 0.62745098
0.631372549 0.631372549 0.631372549
0.635294118 0.635294118 0.635294118
0.639215686 0.639215686 0.639215686
0.643137255 0.643137255 0.643137255
0.647058824 0.647058824 0.647058824
0.650980392 0.650980392 0.650980392
0.654901961 0.654901961 0.654901961
0.658823529 0.658823529 0.658823529
0.662745098 0.662745098 0.662745098
0.666666667 0.666666667 0.666666667
0.670588235 0.670588235 0.670588235
0.674509804 0.674509804 0.674509804
0.678431373 0.678431373 0.678431373
0.682352941 0.682352941 0.682352941
0.68627451 0.68627451 0.68627451
0.690196078 0.690196078 0.690196078
0.694117647 0.694117647 0.694117647
0.698039216 0.698039216 0.698039216
0.701960784 0.701960784 0.701960784
0.705882353 0.705882353 0.705882353
0.709803922 0.709803922 0.709803922
0.71372549 0.71372549 0.71372549
0.717647059 0.717647059 0.717647059
0.721568627 0.721568627 0.721568627
0.725490196 0.725490196 0.725490196
0.729411765 0.729411765 0.729411765
0.733333333 0.733333333 0.733333333
0.737254902 0.737254902 0.737254902
0.741176471 0.741176471 0.741176471
0.745098039 0.745098039 0.745098039
0.749019608 0.749019608 0.749019608
0.752941176 0.752941176 0.752941176
0.756862745 0.756862745 0.756862745
0.760784314 0.760784314 0.760784314
0.764705882 0.764705882 0.764705882
0.768627451 0.768627451 0.768627451
0.77254902 0.77254902 0.77254902
0.776470588 0.776470588 0.776470588
0.780392157 0.780392157 0.780392157
0.784313725 0.784313725 0.784313725
0.788235294 0.788235294 0.788235294
0.792156863 0.792156863 0.792156863
0.796078431 0.796078431 0.796078431
0.8 0.8 0.8
0.803921569 0.803921569 0.803921569
0.807843137 0.807843137 0.807843137
0.811764706 0.811764706 0.811764706
0.815686275 0.815686275 0.815686275
0.819607843 0.819607843 0.819607843
0.823529412 0.823529412 0.823529412
0.82745098 0.82745098 0.82745098
0.831372549 0.831372549 0.831372549
0.835294118 0.835294118 0.835294118
0.839215686 0.839215686 0.839215686
0.843137255 0.843137255 0.843137255
0.847058824 0.847058824 0.847058824
0.850980392 0.850980392 0.850980392
0.854901961 0.854901961 0.854901961
0.858823529 0.858823529 0.858823529
0.862745098 0.862745098 0.862745098
0.866666667 0.866666667 0.866666667
0.870588235 0.870588235 0.870588235
0.874509804 0.874509804 0.874509804
0.878431373 0.878431373 0.878431373
0.882352941 0.882352941 0.882352941
0.88627451 0.88627451 0.88627451
0.890196078 0.890196078 0.890196078
0.894117647 0.894117647 0.894117647
0.898039216 0.898039216 0.898039216
0.901960784 0.901960784 0.901960784
0.905882353 0.905882353 0.905882353
0.909803922 0.909803922 0.909803922
0.91372549 0.91372549 0.91372549
0.917647059 0.917647059 0.917647059
0.921568627 0.921568627 0.921568627
0.925490196 0.925490196 0.925490196
0.929411765 0.929411765 0.929411765
0.933333333 0.933333333 0.933333333
0.937254902 0.937254902 0.937254902
0.941176471 0.941176471 0.941176471
0.945098039 0.945098039 0.945098039
0.949019608 0.949019608 0.949019608
0.952941176 0.952941176 0.952941176
0.956862745 0.956862745 0.956862745
0.960784314 0.960784314 0.960784314
0.964705882 0.964705882 0.964705882
0.968627451 0.968627451 0.968627451
0.97254902 0.97254902 0.97254902
0.976470588 0.976470588 0.976470588
0.980392157 0.980392157 0.980392157
0.984313725 0.984313725 0.984313725
0.988235294 0.988235294 0.988235294
0.992156863 0.992156863 0.992156863
0.996078431 0.996078431 0.996078431