0.003921 0.0 0.0
0.003921 0.0 0.0
0.003921 0.0 0.0
0.015686 0.0 0.0
0.015686 0.0 0.0
0.015686 0.0 0.0
0.015686 0.0 0.0
0.023529 0.0 0.0
0.023529 0.0 0.0
0.023529 0.0 0.0
0.023529 0.0 0.0
0.023529 0.0 0.0
0.035294 0.0 0.0
0.035294 0.0 0.0
0.035294 0.0 0.0
0.035294 0.0 0.0
0.047058 0.0 0.0
0.047058 0.0 0.0
0.047058 0.0 0.0
0.047058 0.0 0.0
0.054901 0.0 0.0
0.054901 0.0 0.0
0.054901 0.0 0.0
0.054901 0.0 0.0
0.066666 0.0 0.0
0.066666 0.0 0.0
0.066666 0.0 0.0
0.066666 0.0 0.0
0.078431 0.0 0.0
0.078431 0.0 0.0
0.078431 0.0 0.0
0.078431 0.0 0.0
0.086274 0.0 0.0
0.086274 0.0 0.0
0.086274 0.0 0.0
0.086274 0.0 0.0
0.086274 0.0 0.0
0.098039 0.0 0.0
0.098039 0.0 0.0
0.098039 0.0 0.0
0.098039 0.0 0.0
0.109803 0.0 0.0
0.109803 0.0 0.0
0.109803 0.0 0.0
0.109803 0.0 0.0
0.117647 0.0 0.0
0.117647 0.0 0.0
0.117647 0.0 0.0
0.117647 0.0 0.0
0.129411 0.0 0.0
0.129411 0.0 0.0
0.129411 0.0 0.0
0.129411 0.0 0.0
0.141176 0.0 0.0
0.141176 0.0 0.0
0.141176 0.0 0.0
0.141176 0.0 0.0
0.141176 0.0 0.0
0.149019 0.0 0.0
0.149019 0.0 0.0
0.149019 0.0 0.0
0.149019 0.0 0.0
0.160784 0.0 0.0
0.160784 0.0 0.0
0.160784 0.0 0.0
0.160784 0.0 0.0
0.172549 0.0 0.0
0.172549 0.0 0.0
0.172549 0.0 0.0
0.172549 0.0 0.0
0.180392 0.0 0.0
0.180392 0.0 0.0
0.180392 0.0 0.0
0.180392 0.0 0.0
0.192156 0.0 0.0
0.192156 0.0 0.0
0.192156 0.0 0.0
0.192156 0.0 0.0
0.203921 0.0 0.0
0.203921 0.0 0.0
0.203921 0.0 0.0
0.203921 0.0 0.0
0.203921 0.0 0.0
0.211764 0.0 0.0
0.211764 0.0 0.0
0.211764 0.0 0.0
0.211764 0.0 0.0
0.223529 0.0 0.0
0.223529 0.0 0.0
0.223529 0.0 0.0
0.223529 0.0 0.0
0.235294 0.0 0.0
0.235294 0.0 0.0
0.235294 0.0 0.0
0.235294 0.0 0.0
0.243137 0.0 0.0
0.243137 0.0 0.0
0.243137 0.0 0.0
0.243137 0.0 0.0
0.254901 0.0 0.0
0.254901 0.0 0.0
0.254901 0.0 0.0
0.254901 0.0 0.0
0.254901 0.0 0.0
0.266666 0.0 0.0
0.266666 0.0 0.0
0.266666 0.0 0.0
0.266666 0.0 0.0
0.274509 0.0 0.0
0.274509 0.0 0.0
0.274509 0.0 0.0
0.274509 0.0 0.0
0.286274 0.0 0.0
0.286274 0.0 0.0
0.286274 0.0 0.0
0.286274 0.0 0.0
0.298039 0.0 0.0
0.298039 0.0 0.0
0.298039 0.0 0.0
0.298039 0.0 0.0
0.305882 0.0 0.0
0.305882 0.0 0.0
0.305882 0.0 0.0
0.305882 0.0 0.0
0.305882 0.0 0.0
0.317647 0.0 0.0
0.317647 0.0 0.0
0.317647 0.0 0.0
0.317647 0.0 0.0
0.329411 0.0 0.0
0.329411 0.0 0.0
0.329411 0.0 0.0
0.329411 0.0 0.0
0.337254 0.0 0.0
0.337254 0.0 0.0
0.337254 0.0 0.0
0.337254 0.0 0.0
0.349019 0.0 0.0
0.349019 0.0 0.0
0.349019 0.0 0.0
0.349019 0.0 0.0
0.356862 0.0 0.0
0.356862 0.0 0.0
0.356862 0.0 0.0
0.356862 0.0 0.0
0.368627 0.0 0.0
0.368627 0.0 0.0
0.368627 0.0 0.0
0.368627 0.0 0.0
0.368627 0.0 0.0
0.380392 0.0 0.0
0.380392 0.0 0.0
0.380392 0.0 0.0
0.380392 0.0 0.0
0.388235 0.0 0.0
0.388235 0.0 0.0
0.388235 0.0 0.0
0.388235 0.0 0.0
0.4 0.0 0.0
0.4 0.0 0.0
0.4 0.0 0.0
0.4 0.0 0.0
0.411764 0.0 0.0
0.411764 0.0 0.0
0.411764 0.0 0.0
0.411764 0.0 0.0
0.419607 0.0 0.0
0.419607 0.0 0.0
0.419607 0.0 0.0
0.419607 0.0 0.0
0.419607 0.0 0.0
0.431372 0.0 0.0
0.431372 0.0 0.0
0.431372 0.0 0.0
0.431372 0.0 0.0
0.443137 0.0 0.0
0.443137 0.0 0.0
0.443137 0.0 0.0
0.443137 0.0 0.0
0.45098 0.0 0.0
0.45098 0.0 0.0
0.45098 0.0 0.0
0.45098 0.0 0.0
0.462745 0.0 0.0
0.462745 0.0 0.0
0.462745 0.0 0.0
0.462745 0.0 0.0
0.474509 0.0 0.0
0.474509 0.0 0.0
0.474509 0.0 0.0
0.474509 0.0 0.0
0.482352 0.0 0.0
0.482352 0.0 0.0
0.482352 0.0 0.0
0.482352 0.0 0.0
0.482352 0.0 0.0
0.494117 0.0 0.0
0.494117 0.0 0.0
0.494117 0.0 0.0
0.494117 0.0 0.0
0.505882 0.0 0.0
0.505882 0.0 0.0
0.505882 0.0 0.0
0.505882 0.0 0.0
0.513725 0.0 0.0
0.513725 0.0 0.0
0.513725 0.0 0.0
0.513725 0.0 0.0
0.52549 0.0 0.0
0.52549 0.0 0.0
0.52549 0.0 0.0
0.52549 0.0 0.0
0.537254 0.0 0.0
0.537254 0.0 0.0
0.537254 0.0 0.0
0.537254 0.0 0.0
0.537254 0.0 0.0
0.545098 0.0 0.0
0.545098 0.0 0.0
0.545098 0.0 0.0
0.545098 0.0 0.0
0.556862 0.0 0.0
0.556862 0.0 0.0
0.556862 0.0 0.0
0.556862 0.0 0.0
0.568627 0.0 0.0
0.568627 0.0 0.0
0.568627 0.0 0.0
0.568627 0.0 0.0
0.57647 0.0 0.0
0.57647 0.0 0.0
0.57647 0.0 0.0
0.57647 0.0 0.0
0.588235 0.0 0.0
0.588235 0.0 0.0
0.588235 0.0 0.0
0.588235 0.0 0.0
0.6 0.0 0.0
0.6 0.0 0.0
0.6 0.0 0.0
0.6 0.0 0.0
0.6 0.0 0.0
0.607843 0.0 0.0
0.607843 0.0 0.0
0.607843 0.0 0.0
0.607843 0.0 0.0
0.619607 0.0 0.0
0.619607 0.0 0.0
0.619607 0.0 0.0
0.619607 0.0 0.0
0.631372 0.0 0.0
0.631372 0.0 0.0
0.631372 0.0 0.0
0.631372 0.0 0.0
0.639215 0.0 0.0
0.639215 0.0 0.0
0.639215 0.0 0.0
0.639215 0.0 0.0
0.65098 0.0 0.0
0.65098 0.0 0.0
0.65098 0.0 0.0
0.65098 0.0 0.0
0.65098 0.0 0.0
0.662745 0.0 0.0
0.662745 0.0 0.0
0.662745 0.0 0.0
0.662745 0.0 0.0
0.670588 0.0 0.0
0.670588 0.0 0.0
0.670588 0.0 0.0
0.670588 0.0 0.0
0.682352 0.0 0.0
0.682352 0.0 0.0
0.682352 0.0 0.0
0.682352 0.0 0.0
0.690196 0.0 0.0
0.690196 0.0 0.0
0.690196 0.0 0.0
0.690196 0.0 0.0
0.70196 0.0 0.0
0.70196 0.0 0.0
0.70196 0.0 0.0
0.70196 0.0 0.0
0.713725 0.0 0.0
0.713725 0.0 0.0
0.713725 0.0 0.0
0.713725 0.0 0.0
0.713725 0.0 0.0
0.721568 0.0 0.0
0.721568 0.0 0.0
0.721568 0.0 0.0
0.721568 0.0 0.0
0.733333 0.0 0.0
0.733333 0.0 0.0
0.733333 0.0 0.0
0.733333 0.0 0.0
0.745098 0.0 0.0
0.745098 0.0 0.0
0.745098 0.0 0.0
0.745098 0.0 0.0
0.752941 0.0 0.0
0.752941 0.0 0.0
0.752941 0.0 0.0
0.752941 0.0 0.0
0.764705 0.0 0.0
0.764705 0.0 0.0
0.764705 0.0 0.0
0.764705 0.0 0.0
0.764705 0.0 0.0
0.77647 0.0 0.0
0.77647 0.0 0.0
0.77647 0.0 0.0
0.77647 0.0 0.0
0.784313 0.0 0.0
0.784313 0.0 0.0
0.784313 0.0 0.0
0.784313 0.0 0.0
0.796078 0.0 0.0
0.796078 0.0 0.0
0.796078 0.0 0.0
0.796078 0.0 0.0
0.807843 0.0 0.0
0.807843 0.0 0.0
0.807843 0.0 0.0
0.807843 0.0 0.0
0.815686 0.0 0.0
0.815686 0.0 0.0
0.815686 0.0 0.0
0.815686 0.0 0.0
0.815686 0.0 0.0
0.82745 0.0 0.0
0.82745 0.0 0.0
0.82745 0.0 0.0
0.82745 0.0 0.0
0.839215 0.0 0.0
0.839215 0.0 0.0
0.839215 0.0 0.0
0.839215 0.0 0.0
0.847058 0.0 0.0
0.847058 0.0 0.0
0.847058 0.0 0.0
0.847058 0.0 0.0
0.858823 0.0 0.0
0.858823 0.0 0.0
0.858823 0.0 0.0
0.858823 0.0 0.0
0.870588 0.0 0.0
0.870588 0.0 0.0
0.870588 0.0 0.0
0.870588 0.0 0.0
0.878431 0.0 0.0
0.878431 0.0 0.0
0.878431 0.0 0.0
0.878431 0.0 0.0
0.878431 0.0 0.0
0.890196 0.0 0.0
0.890196 0.0 0.0
0.890196 0.0 0.0
0.890196 0.0 0.0
0.90196 0.0 0.0
0.90196 0.0 0.0
0.90196 0.0 0.0
0.90196 0.0 0.0
0.909803 0.0 0.0
0.909803 0.0 0.0
0.909803 0.0 0.0
0.909803 0.0 0.0
0.921568 0.0 0.0
0.921568 0.0 0.0
0.921568 0.0 0.0
0.921568 0.0 0.0
0.933333 0.0 0.0
0.933333 0.0 0.0
0.933333 0.0 0.0
0.933333 0.0 0.0
0.933333 0.0 0.0
0.941176 0.0 0.0
0.941176 0.0 0.0
0.941176 0.0 0.0
0.941176 0.0 0.0
0.952941 0.0 0.0
0.952941 0.0 0.0
0.952941 0.0 0.0
0.952941 0.0 0.0
0.964705 0.0 0.0
0.964705 0.0 0.0
0.964705 0.0 0.0
0.964705 0.0 0.0
0.972549 0.0 0.0
0.972549 0.0 0.0
0.972549 0.0 0.0
0.972549 0.0 0.0
0.984313 0.0 0.0
0.984313 0.0 0.0
0.984313 0.0 0.0
0.984313 0.0 0.0
0.996078 0.0 0.0
0.996078 0.0 0.0
0.996078 0.0 0.0
0.996078 0.0 0.0
0.996078 0.0 0.0
0.996078 0.003921 0.0
0.996078 0.003921 0.0
0.996078 0.003921 0.0
0.996078 0.003921 0.0
0.996078 0.015686 0.0
0.996078 0.015686 0.0
0.996078 0.015686 0.0
0.996078 0.015686 0.0
0.996078 0.023529 0.0
0.996078 0.023529 0.0
0.996078 0.023529 0.0
0.996078 0.023529 0.0
0.996078 0.035294 0.0
0.996078 0.035294 0.0
0.996078 0.035294 0.0
0.996078 0.035294 0.0
0.996078 0.047058 0.0
0.996078 0.047058 0.0
0.996078 0.047058 0.0
0.996078 0.047058 0.0
0.996078 0.047058 0.0
0.996078 0.054901 0.0
0.996078 0.054901 0.0
0.996078 0.054901 0.0
0.996078 0.054901 0.0
0.996078 0.066666 0.0
0.996078 0.066666 0.0
0.996078 0.066666 0.0
0.996078 0.066666 0.0
0.996078 0.078431 0.0
0.996078 0.078431 0.0
0.996078 0.078431 0.0
0.996078 0.078431 0.0
0.996078 0.086274 0.0
0.996078 0.086274 0.0
0.996078 0.086274 0.0
0.996078 0.086274 0.0
0.996078 0.098039 0.0
0.996078 0.098039 0.0
0.996078 0.098039 0.0
0.996078 0.098039 0.0
0.996078 0.109803 0.0
0.996078 0.109803 0.0
0.996078 0.109803 0.0
0.996078 0.109803 0.0
0.996078 0.109803 0.0
0.996078 0.117647 0.0
0.996078 0.117647 0.0
0.996078 0.117647 0.0
0.996078 0.117647 0.0
0.996078 0.129411 0.0
0.996078 0.129411 0.0
0.996078 0.129411 0.0
0.996078 0.129411 0.0
0.996078 0.141176 0.0
0.996078 0.141176 0.0
0.996078 0.141176 0.0
0.996078 0.141176 0.0
0.996078 0.149019 0.0
0.996078 0.149019 0.0
0.996078 0.149019 0.0
0.996078 0.149019 0.0
0.996078 0.160784 0.0
0.996078 0.160784 0.0
0.996078 0.160784 0.0
0.996078 0.160784 0.0
0.996078 0.160784 0.0
0.996078 0.172549 0.0
0.996078 0.172549 0.0
0.996078 0.172549 0.0
0.996078 0.172549 0.0
0.996078 0.180392 0.0
0.996078 0.180392 0.0
0.996078 0.180392 0.0
0.996078 0.180392 0.0
0.996078 0.192156 0.0
0.996078 0.192156 0.0
0.996078 0.192156 0.0
0.996078 0.192156 0.0
0.996078 0.203921 0.0
0.996078 0.203921 0.0
0.996078 0.203921 0.0
0.996078 0.203921 0.0
0.996078 0.211764 0.0
0.996078 0.211764 0.0
0.996078 0.211764 0.0
0.996078 0.211764 0.0
0.996078 0.223529 0.0
0.996078 0.223529 0.0
0.996078 0.223529 0.0
0.996078 0.223529 0.0
0.996078 0.223529 0.0
0.996078 0.235294 0.0
0.996078 0.235294 0.0
0.996078 0.235294 0.0
0.996078 0.235294 0.0
0.996078 0.243137 0.0
0.996078 0.243137 0.0
0.996078 0.243137 0.0
0.996078 0.243137 0.0
0.996078 0.254901 0.0
0.996078 0.254901 0.0
0.996078 0.254901 0.0
0.996078 0.254901 0.0
0.996078 0.266666 0.0
0.996078 0.266666 0.0
0.996078 0.266666 0.0
0.996078 0.266666 0.0
0.996078 0.274509 0.0
0.996078 0.274509 0.0
0.996078 0.274509 0.0
0.996078 0.274509 0.0
0.996078 0.274509 0.0
0.996078 0.286274 0.0
0.996078 0.286274 0.0
0.996078 0.286274 0.0
0.996078 0.286274 0.0
0.996078 0.298039 0.0
0.996078 0.298039 0.0
0.996078 0.298039 0.0
0.996078 0.298039 0.0
0.996078 0.305882 0.0
0.996078 0.305882 0.0
0.996078 0.305882 0.0
0.996078 0.305882 0.0
0.996078 0.317647 0.0
0.996078 0.317647 0.0
0.996078 0.317647 0.0
0.996078 0.317647 0.0
0.996078 0.329411 0.0
0.996078 0.329411 0.0
0.996078 0.329411 0.0
0.996078 0.329411 0.0
0.996078 0.329411 0.0
0.996078 0.337254 0.0
0.996078 0.337254 0.0
0.996078 0.337254 0.0
0.996078 0.337254 0.0
0.996078 0.349019 0.0
0.996078 0.349019 0.0
0.996078 0.349019 0.0
0.996078 0.349019 0.0
0.996078 0.356862 0.0
0.996078 0.356862 0.0
0.996078 0.356862 0.0
0.996078 0.356862 0.0
0.996078 0.368627 0.0
0.996078 0.368627 0.0
0.996078 0.368627 0.0
0.996078 0.368627 0.0
0.996078 0.380392 0.0
0.996078 0.380392 0.0
0.996078 0.380392 0.0
0.996078 0.380392 0.0
0.996078 0.388235 0.0
0.996078 0.388235 0.0
0.996078 0.388235 0.0
0.996078 0.388235 0.0
0.996078 0.388235 0.0
0.996078 0.4 0.0
0.996078 0.4 0.0
0.996078 0.4 0.0
0.996078 0.4 0.0
0.996078 0.411764 0.0
0.996078 0.411764 0.0
0.996078 0.411764 0.0
0.996078 0.411764 0.0
0.996078 0.419607 0.0
0.996078 0.419607 0.0
0.996078 0.419607 0.0
0.996078 0.419607 0.0
0.996078 0.431372 0.0
0.996078 0.431372 0.0
0.996078 0.431372 0.0
0.996078 0.431372 0.0
0.996078 0.443137 0.0
0.996078 0.443137 0.0
0.996078 0.443137 0.0
0.996078 0.443137 0.0
0.996078 0.443137 0.0
0.996078 0.45098 0.0
0.996078 0.45098 0.0
0.996078 0.45098 0.0
0.996078 0.45098 0.0
0.996078 0.462745 0.0
0.996078 0.462745 0.0
0.996078 0.462745 0.0
0.996078 0.462745 0.0
0.996078 0.474509 0.0
0.996078 0.474509 0.0
0.996078 0.474509 0.0
0.996078 0.474509 0.0
0.996078 0.482352 0.0
0.996078 0.482352 0.0
0.996078 0.482352 0.0
0.996078 0.482352 0.0
0.996078 0.494117 0.0
0.996078 0.494117 0.0
0.996078 0.494117 0.0
0.996078 0.494117 0.0
0.996078 0.505882 0.0
0.996078 0.505882 0.0
0.996078 0.505882 0.0
0.996078 0.505882 0.0
0.996078 0.505882 0.0
0.996078 0.513725 0.0
0.996078 0.513725 0.0
0.996078 0.513725 0.0
0.996078 0.513725 0.0
0.996078 0.52549 0.0
0.996078 0.52549 0.0
0.996078 0.52549 0.0
0.996078 0.52549 0.0
0.996078 0.537254 0.0
0.996078 0.537254 0.0
0.996078 0.537254 0.0
0.996078 0.537254 0.0
0.996078 0.545098 0.0
0.996078 0.545098 0.0
0.996078 0.545098 0.0
0.996078 0.545098 0.0
0.996078 0.556862 0.0
0.996078 0.556862 0.0
0.996078 0.556862 0.0
0.996078 0.556862 0.0
0.996078 0.556862 0.0
0.996078 0.568627 0.0
0.996078 0.568627 0.0
0.996078 0.568627 0.0
0.996078 0.568627 0.0
0.996078 0.57647 0.0
0.996078 0.57647 0.0
0.996078 0.57647 0.0
0.996078 0.57647 0.0
0.996078 0.588235 0.0
0.996078 0.588235 0.0
0.996078 0.588235 0.0
0.996078 0.588235 0.0
0.996078 0.6 0.0
0.996078 0.6 0.0
0.996078 0.6 0.0
0.996078 0.6 0.0
0.996078 0.607843 0.0
0.996078 0.607843 0.0
0.996078 0.607843 0.0
0.996078 0.607843 0.0
0.996078 0.619607 0.0
0.996078 0.619607 0.0
0.996078 0.619607 0.0
0.996078 0.619607 0.0
0.996078 0.619607 0.0
0.996078 0.631372 0.0
0.996078 0.631372 0.0
0.996078 0.631372 0.0
0.996078 0.631372 0.0
0.996078 0.639215 0.0
0.996078 0.639215 0.0
0.996078 0.639215 0.0
0.996078 0.639215 0.0
0.996078 0.65098 0.0
0.996078 0.65098 0.0
0.996078 0.65098 0.0
0.996078 0.65098 0.0
0.996078 0.662745 0.0
0.996078 0.662745 0.0
0.996078 0.662745 0.0
0.996078 0.662745 0.0
0.996078 0.670588 0.0
0.996078 0.670588 0.0
0.996078 0.670588 0.0
0.996078 0.670588 0.0
0.996078 0.670588 0.0
0.996078 0.682352 0.0
0.996078 0.682352 0.0
0.996078 0.682352 0.0
0.996078 0.682352 0.0
0.996078 0.690196 0.0
0.996078 0.690196 0.0
0.996078 0.690196 0.0
0.996078 0.690196 0.0
0.996078 0.70196 0.0
0.996078 0.70196 0.0
0.996078 0.70196 0.0
0.996078 0.70196 0.0
0.996078 0.713725 0.0
0.996078 0.713725 0.0
0.996078 0.713725 0.0
0.996078 0.713725 0.0
0.996078 0.721568 0.0
0.996078 0.721568 0.0
0.996078 0.721568 0.0
0.996078 0.721568 0.0
0.996078 0.733333 0.0
0.996078 0.733333 0.0
0.996078 0.733333 0.0
0.996078 0.733333 0.0
0.996078 0.733333 0.0
0.996078 0.745098 0.0
0.996078 0.745098 0.0
0.996078 0.745098 0.0
0.996078 0.745098 0.0
0.996078 0.752941 0.0
0.996078 0.752941 0.0
0.996078 0.752941 0.0
0.996078 0.752941 0.0
0.996078 0.764705 0.0
0.996078 0.764705 0.0
0.996078 0.764705 0.0
0.996078 0.764705 0.0
0.996078 0.77647 0.0
0.996078 0.77647 0.0
0.996078 0.77647 0.0
0.996078 0.77647 0.0
0.996078 0.784313 0.0
0.996078 0.784313 0.0
0.996078 0.784313 0.0
0.996078 0.784313 0.0
0.996078 0.784313 0.0
0.996078 0.796078 0.0
0.996078 0.796078 0.0
0.996078 0.796078 0.0
0.996078 0.796078 0.0
0.996078 0.807843 0.0
0.996078 0.807843 0.0
0.996078 0.807843 0.0
0.996078 0.807843 0.0
0.996078 0.815686 0.0
0.996078 0.815686 0.0
0.996078 0.815686 0.0
0.996078 0.815686 0.0
0.996078 0.82745 0.0
0.996078 0.82745 0.0
0.996078 0.82745 0.0
0.996078 0.82745 0.0
0.996078 0.839215 0.0
0.996078 0.839215 0.0
0.996078 0.839215 0.0
0.996078 0.839215 0.0
0.996078 0.839215 0.0
0.996078 0.847058 0.0
0.996078 0.847058 0.0
0.996078 0.847058 0.0
0.996078 0.847058 0.0
0.996078 0.858823 0.0
0.996078 0.858823 0.0
0.996078 0.858823 0.0
0.996078 0.858823 0.0
0.996078 0.870588 0.0
0.996078 0.870588 0.0
0.996078 0.870588 0.0
0.996078 0.870588 0.0
0.996078 0.878431 0.0
0.996078 0.878431 0.0
0.996078 0.878431 0.0
0.996078 0.878431 0.0
0.996078 0.890196 0.0
0.996078 0.890196 0.0
0.996078 0.890196 0.0
0.996078 0.890196 0.0
0.996078 0.90196 0.0
0.996078 0.90196 0.0
0.996078 0.90196 0.0
0.996078 0.90196 0.0
0.996078 0.90196 0.0
0.996078 0.909803 0.0
0.996078 0.909803 0.0
0.996078 0.909803 0.0
0.996078 0.909803 0.0
0.996078 0.921568 0.0
0.996078 0.921568 0.0
0.996078 0.921568 0.0
0.996078 0.921568 0.0
0.996078 0.933333 0.0
0.996078 0.933333 0.0
0.996078 0.933333 0.0
0.996078 0.933333 0.0
0.996078 0.941176 0.0
0.996078 0.941176 0.0
0.996078 0.941176 0.0
0.996078 0.941176 0.0
0.996078 0.952941 0.0
0.996078 0.952941 0.0
0.996078 0.952941 0.0
0.996078 0.952941 0.0
0.996078 0.952941 0.0
0.996078 0.964705 0.0
0.996078 0.964705 0.0
0.996078 0.964705 0.0
0.996078 0.964705 0.0
0.996078 0.972549 0.0
0.996078 0.972549 0.0
0.996078 0.972549 0.0
0.996078 0.972549 0.0
0.996078 0.984313 0.0
0.996078 0.984313 0.0
0.996078 0.984313 0.0
0.996078 0.984313 0.0
0.996078 0.996078 0.0
0.996078 0.996078 0.0
0.996078 0.996078 0.0
0.996078 0.996078 0.0
0.996078 0.996078 0.007843
0.996078 0.996078 0.007843
0.996078 0.996078 0.007843
0.996078 0.996078 0.007843
0.996078 0.996078 0.023529
0.996078 0.996078 0.023529
0.996078 0.996078 0.023529
0.996078 0.996078 0.023529
0.996078 0.996078 0.023529
0.996078 0.996078 0.039215
0.996078 0.996078 0.039215
0.996078 0.996078 0.039215
0.996078 0.996078 0.039215
0.996078 0.996078 0.054901
0.996078 0.996078 0.054901
0.996078 0.996078 0.054901
0.996078 0.996078 0.054901
0.996078 0.996078 0.070588
0.996078 0.996078 0.070588
0.996078 0.996078 0.070588
0.996078 0.996078 0.070588
0.996078 0.996078 0.086274
0.996078 0.996078 0.086274
0.996078 0.996078 0.086274
0.996078 0.996078 0.086274
0.996078 0.996078 0.10196
0.996078 0.996078 0.10196
0.996078 0.996078 0.10196
0.996078 0.996078 0.10196
0.996078 0.996078 0.10196
0.996078 0.996078 0.117647
0.996078 0.996078 0.117647
0.996078 0.996078 0.117647
0.996078 0.996078 0.117647
0.996078 0.996078 0.133333
0.996078 0.996078 0.133333
0.996078 0.996078 0.133333
0.996078 0.996078 0.133333
0.996078 0.996078 0.149019
0.996078 0.996078 0.149019
0.996078 0.996078 0.149019
0.996078 0.996078 0.149019
0.996078 0.996078 0.164705
0.996078 0.996078 0.164705
0.996078 0.996078 0.164705
0.996078 0.996078 0.164705
0.996078 0.996078 0.180392
0.996078 0.996078 0.180392
0.996078 0.996078 0.180392
0.996078 0.996078 0.180392
0.996078 0.996078 0.196078
0.996078 0.996078 0.196078
0.996078 0.996078 0.196078
0.996078 0.996078 0.196078
0.996078 0.996078 0.196078
0.996078 0.996078 0.211764
0.996078 0.996078 0.211764
0.996078 0.996078 0.211764
0.996078 0.996078 0.211764
0.996078 0.996078 0.22745
0.996078 0.996078 0.22745
0.996078 0.996078 0.22745
0.996078 0.996078 0.22745
0.996078 0.996078 0.243137
0.996078 0.996078 0.243137
0.996078 0.996078 0.243137
0.996078 0.996078 0.243137
0.996078 0.996078 0.258823
0.996078 0.996078 0.258823
0.996078 0.996078 0.258823
0.996078 0.996078 0.258823
0.996078 0.996078 0.274509
0.996078 0.996078 0.274509
0.996078 0.996078 0.274509
0.996078 0.996078 0.274509
0.996078 0.996078 0.274509
0.996078 0.996078 0.290196
0.996078 0.996078 0.290196
0.996078 0.996078 0.290196
0.996078 0.996078 0.290196
0.996078 0.996078 0.305882
0.996078 0.996078 0.305882
0.996078 0.996078 0.305882
0.996078 0.996078 0.305882
0.996078 0.996078 0.321568
0.996078 0.996078 0.321568
0.996078 0.996078 0.321568
0.996078 0.996078 0.321568
0.996078 0.996078 0.337254
0.996078 0.996078 0.337254
0.996078 0.996078 0.337254
0.996078 0.996078 0.337254
0.996078 0.996078 0.352941
0.996078 0.996078 0.352941
0.996078 0.996078 0.352941
0.996078 0.996078 0.352941
0.996078 0.996078 0.368627
0.996078 0.996078 0.368627
0.996078 0.996078 0.368627
0.996078 0.996078 0.368627
0.996078 0.996078 0.368627
0.996078 0.996078 0.384313
0.996078 0.996078 0.384313
0.996078 0.996078 0.384313
0.996078 0.996078 0.384313
0.996078 0.996078 0.4
0.996078 0.996078 0.4
0.996078 0.996078 0.4
0.996078 0.996078 0.4
0.996078 0.996078 0.415686
0.996078 0.996078 0.415686
0.996078 0.996078 0.415686
0.996078 0.996078 0.415686
0.996078 0.996078 0.431372
0.996078 0.996078 0.431372
0.996078 0.996078 0.431372
0.996078 0.996078 0.431372
0.996078 0.996078 0.447058
0.996078 0.996078 0.447058
0.996078 0.996078 0.447058
0.996078 0.996078 0.447058
0.996078 0.996078 0.447058
0.996078 0.996078 0.462745
0.996078 0.996078 0.462745
0.996078 0.996078 0.462745
0.996078 0.996078 0.462745
0.996078 0.996078 0.478431
0.996078 0.996078 0.478431
0.996078 0.996078 0.478431
0.996078 0.996078 0.478431
0.996078 0.996078 0.494117
0.996078 0.996078 0.494117
0.996078 0.996078 0.494117
0.996078 0.996078 0.494117
0.996078 0.996078 0.509803
0.996078 0.996078 0.509803
0.996078 0.996078 0.509803
0.996078 0.996078 0.509803
0.996078 0.996078 0.52549
0.996078 0.996078 0.52549
0.996078 0.996078 0.52549
0.996078 0.996078 0.52549
0.996078 0.996078 0.541176
0.996078 0.996078 0.541176
0.996078 0.996078 0.541176
0.996078 0.996078 0.541176
0.996078 0.996078 0.541176
0.996078 0.996078 0.556862
0.996078 0.996078 0.556862
0.996078 0.996078 0.556862
0.996078 0.996078 0.556862
0.996078 0.996078 0.572549
0.996078 0.996078 0.572549
0.996078 0.996078 0.572549
0.996078 0.996078 0.572549
0.996078 0.996078 0.588235
0.996078 0.996078 0.588235
0.996078 0.996078 0.588235
0.996078 0.996078 0.588235
0.996078 0.996078 0.603921
0.996078 0.996078 0.603921
0.996078 0.996078 0.603921
0.996078 0.996078 0.603921
0.996078 0.996078 0.619607
0.996078 0.996078 0.619607
0.996078 0.996078 0.619607
0.996078 0.996078 0.619607
0.996078 0.996078 0.619607
0.996078 0.996078 0.635294
0.996078 0.996078 0.635294
0.996078 0.996078 0.635294
0.996078 0.996078 0.635294
0.996078 0.996078 0.65098
0.996078 0.996078 0.65098
0.996078 0.996078 0.65098
0.996078 0.996078 0.65098
0.996078 0.996078 0.666666
0.996078 0.996078 0.666666
0.996078 0.996078 0.666666
0.996078 0.996078 0.666666
0.996078 0.996078 0.682352
0.996078 0.996078 0.682352
0.996078 0.996078 0.682352
0.996078 0.996078 0.682352
0.996078 0.996078 0.698039
0.996078 0.996078 0.698039
0.996078 0.996078 0.698039
0.996078 0.996078 0.698039
0.996078 0.996078 0.698039
0.996078 0.996078 0.713725
0.996078 0.996078 0.713725
0.996078 0.996078 0.713725
0.996078 0.996078 0.713725
0.996078 0.996078 0.729411
0.996078 0.996078 0.729411
0.996078 0.996078 0.729411
0.996078 0.996078 0.729411
0.996078 0.996078 0.745098
0.996078 0.996078 0.745098
0.996078 0.996078 0.745098
0.996078 0.996078 0.745098
0.996078 0.996078 0.760784
0.996078 0.996078 0.760784
0.996078 0.996078 0.760784
0.996078 0.996078 0.760784
0.996078 0.996078 0.77647
0.996078 0.996078 0.77647
0.996078 0.996078 0.77647
0.996078 0.996078 0.77647
0.996078 0.996078 0.792156
0.996078 0.996078 0.792156
0.996078 0.996078 0.792156
0.996078 0.996078 0.792156
0.996078 0.996078 0.792156
0.996078 0.996078 0.807843
0.996078 0.996078 0.807843
0.996078 0.996078 0.807843
0.996078 0.996078 0.807843
0.996078 0.996078 0.823529
0.996078 0.996078 0.823529
0.996078 0.996078 0.823529
0.996078 0.996078 0.823529
0.996078 0.996078 0.839215
0.996078 0.996078 0.839215
0.996078 0.996078 0.839215
0.996078 0.996078 0.839215
0.996078 0.996078 0.854901
0.996078 0.996078 0.854901
0.996078 0.996078 0.854901
0.996078 0.996078 0.854901
0.996078 0.996078 0.870588
0.996078 0.996078 0.870588
0.996078 0.996078 0.870588
0.996078 0.996078 0.870588
0.996078 0.996078 0.870588
0.996078 0.996078 0.886274
0.996078 0.996078 0.886274
0.996078 0.996078 0.886274
0.996078 0.996078 0.886274
0.996078 0.996078 0.90196
0.996078 0.996078 0.90196
0.996078 0.996078 0.90196
0.996078 0.996078 0.90196
0.996078 0.996078 0.917647
0.996078 0.996078 0.917647
0.996078 0.996078 0.917647
0.996078 0.996078 0.917647
0.996078 0.996078 0.933333
0.996078 0.996078 0.933333
0.996078 0.996078 0.933333
0.996078 0.996078 0.933333
0.996078 0.996078 0.949019
0.996078 0.996078 0.949019
0.996078 0.996078 0.949019
0.996078 0.996078 0.949019
0.996078 0.996078 0.964705
0.996078 0.996078 0.964705
0.996078 0.996078 0.964705
0.996078 0.996078 0.964705
0.996078 0.996078 0.964705
0.996078 0.996078 0.980392
0.996078 0.996078 0.980392
0.996078 0.996078 0.980392
0.996078 0.996078 0.980392
0.996078 0.996078 0.996078
0.996078 0.996078 0.996078
