119 157 255
119 158 255
119 158 255
119 158 255
119 158 255
120 158 255
120 158 255
120 158 255
120 159 255
121 159 255
121 159 255
121 159 255
121 159 255
121 159 255
122 160 255
122 160 255
122 160 255
122 160 255
122 160 255
123 160 255
123 161 255
123 161 255
124 161 255
124 161 255
124 161 255
124 161 255
124 161 255
125 162 255
125 162 255
125 162 255
125 162 255
126 162 255
126 163 255
126 163 254
127 163 254
127 163 254
127 163 254
127 163 254
127 164 254
128 164 253
128 164 253
128 164 253
129 164 253
129 164 252
129 165 252
130 165 252
130 165 252
130 165 251
130 165 251
130 165 251
131 166 251
131 166 251
131 166 250
132 166 250
132 166 250
132 167 250
133 167 249
133 167 249
133 167 249
133 167 249
134 168 248
134 168 248
134 168 248
135 168 248
135 168 247
136 169 247
136 169 247
136 169 247
137 169 246
137 169 246
137 169 246
137 170 246
138 170 245
138 170 245
138 170 245
139 170 245
139 171 244
139 171 244
140 171 244
140 171 243
141 171 243
141 171 243
141 172 243
141 172 242
142 172 242
142 172 242
142 172 241
143 173 241
143 173 241
144 173 240
144 173 240
144 173 240
144 173 240
145 174 240
145 174 239
146 174 239
146 174 239
146 175 238
147 175 238
147 175 238
148 175 237
148 175 237
148 176 237
148 176 237
149 176 236
149 176 236
150 176 235
150 176 235
150 177 235
151 177 234
151 177 234
152 177 234
152 177 233
153 178 233
153 178 233
153 178 233
153 178 232
154 178 232
154 178 232
155 178 231
155 179 231
156 179 230
156 179 230
156 179 230
157 179 229
157 179 229
157 180 229
158 180 229
158 180 228
159 180 228
159 180 227
159 181 227
160 181 227
160 181 226
161 181 226
161 181 226
161 181 226
162 181 225
162 182 225
163 182 224
163 182 224
163 182 224
164 182 223
164 183 223
165 183 222
165 183 222
166 183 222
166 183 221
166 183 221
167 183 221
167 184 220
167 184 220
168 184 220
168 184 219
169 184 219
169 184 218
170 185 218
170 185 218
171 185 217
171 185 217
171 185 217
172 185 216
172 185 216
172 185 216
173 186 215
173 186 215
174 186 214
174 186 214
175 186 213
175 186 213
175 186 213
176 187 213
176 187 212
177 187 212
177 187 211
177 187 211
178 187 210
178 187 210
179 188 210
179 188 209
180 188 209
180 188 209
180 188 208
181 188 208
181 188 207
182 188 207
182 188 207
182 189 206
183 189 206
183 189 205
184 189 205
184 189 205
184 189 204
185 189 204
185 189 204
186 189 203
186 190 203
187 190 202
187 190 202
188 190 201
188 190 201
188 190 200
188 190 200
189 190 200
189 190 200
190 191 199
190 191 199
191 191 198
191 191 198
192 191 197
192 191 197
193 191 196
193 191 196
193 191 196
193 191 195
194 191 195
194 192 195
195 192 194
195 192 194
196 192 193
196 192 193
197 192 192
197 192 192
198 192 191
198 192 191
198 192 191
198 192 190
199 192 190
199 193 190
200 193 189
200 193 189
201 193 188
201 193 188
202 193 187
202 193 187
202 193 187
202 193 186
203 193 186
203 193 185
204 193 185
204 193 184
205 193 184
205 194 183
206 194 183
206 194 183
206 194 182
206 194 182
207 194 182
207 194 181
208 194 181
208 194 180
209 194 180
209 194 179
209 194 179
210 194 178
210 194 178
211 194 177
211 194 177
211 194 177
212 194 176
212 194 176
213 194 175
213 194 175
213 195 175
214 195 174
214 195 174
215 195 173
215 195 173
215 195 173
216 195 172
216 195 172
216 195 171
217 195 171
217 195 170
218 195 170
218 195 169
219 195 169
219 195 168
219 195 168
219 195 168
220 195 167
220 195 167
221 195 166
221 195 166
221 195 166
222 195 165
222 195 165
223 195 164
223 195 164
224 195 163
224 195 163
224 195 163
224 195 162
225 195 162
225 195 161
226 195 161
226 195 160
226 195 160
227 195 159
227 195 159
228 195 158
228 195 158
228 195 158
228 195 157
229 195 157
229 195 156
230 195 156
230 195 155
230 195 155
231 195 155
231 195 154
232 195 154
232 195 154
232 195 153
232 195 153
233 195 152
233 195 152
234 195 151
234 195 151
234 195 150
235 195 150
235 195 149
236 195 149
236 195 149
236 195 148
236 195 148
237 195 147
237 195 147
237 195 146
238 195 146
238 195 145
239 195 145
239 195 144
239 195 144
239 195 144
240 195 143
240 195 143
240 195 143
241 195 142
241 195 142
242 195 141
242 195 141
242 195 140
243 195 140
243 195 139
243 195 139
243 194 139
244 194 138
244 194 138
245 194 137
245 194 137
245 194 136
246 194 136
246 194 135
246 194 135
247 194 134
247 194 134
247 194 134
247 194 133
248 194 133
248 194 132
249 194 132
249 194 132
249 194 131
250 194 131
250 194 130
250 194 130
250 194 130
251 193 129
251 193 129
251 193 128
252 193 128
252 193 127
252 193 127
253 193 126
253 193 126
253 193 125
254 193 125
254 193 125
254 193 124
254 193 124
255 193 123
255 193 123
255 193 122
255 193 122
255 192 121
255 192 121
255 192 121
255 192 120
255 192 120
255 192 120
255 192 119
255 192 119
255 192 118
255 192 118
255 192 117
255 192 117
255 192 116
255 191 116
255 191 115
255 191 115
255 191 115
255 191 114
255 191 114
255 191 113
255 191 113
255 191 112
255 191 112
255 191 112
255 191 111
255 191 111
255 191 111
255 190 110
255 190 110
255 190 109
255 190 109
255 190 108
255 190 108
255 190 107
255 190 107
255 190 106
255 190 106
255 190 106
255 190 105
255 189 105
255 189 104
255 189 104
255 189 103
255 189 103
255 189 103
255 189 102
255 189 102
255 189 101
255 189 101
255 188 101
255 188 100
255 188 100
255 188 99
255 188 99
255 188 98
255 188 98
255 188 97
255 188 97
255 188 96
255 188 96
255 187 96
255 187 95
255 187 95
255 187 95
255 187 94
255 187 94
255 187 93
255 187 93
255 186 92
255 186 92
255 186 92
255 186 91
255 186 91
255 186 90
255 186 90
255 186 89
255 186 89
255 186 88
255 185 88
255 185 87
255 185 87
255 185 87
255 185 86
255 185 86
255 185 86
255 185 85
255 185 85
255 184 84
255 184 84
255 184 83
255 184 83
255 184 82
255 184 82
255 184 82
255 184 81
255 184 81
255 183 80
255 183 80
255 183 79
255 183 79
255 183 78
255 183 78
255 183 77
255 183 77
255 182 77
255 182 76
255 182 76
255 182 75
255 182 75
255 182 74
255 182 74
255 182 73
255 181 73
255 181 73
255 181 73
255 181 72
255 181 72
255 181 71
255 181 71
255 181 70
255 180 70
255 180 69
255 180 69
255 180 68
255 180 68
255 180 68
255 180 67
255 180 67
255 179 66
255 179 66
255 179 65
255 179 65
255 179 64
255 179 64
255 179 63
255 178 63
255 178 63
255 178 62
255 178 62
255 178 61
255 178 61
255 178 60
255 177 60
255 177 59
255 177 58
255 177 58
255 177 57
255 177 57
255 177 57
255 177 56
255 176 56
255 176 55
255 176 55
255 176 54
255 176 54
255 176 53
255 175 53
255 175 52
255 175 52
255 175 52
255 175 51
255 175 50
255 175 50
255 175 49
255 174 49
255 174 48
255 174 48
255 174 47
255 174 47
255 174 47
255 174 46
255 173 45
255 173 45
255 173 44
255 173 44
255 173 43
255 173 42
255 172 42
255 172 41
255 172 41
255 172 40
255 172 40
255 172 39
255 172 39
255 171 38
255 171 37
255 171 37
255 171 36
255 171 35
255 171 35
255 170 34
255 170 33
255 170 33
255 170 33
255 170 32
255 170 31
255 170 31
255 169 30
255 169 29
255 169 28
255 169 28
255 169 27
255 169 26
255 169 26
255 168 25
255 168 24
255 168 23
255 168 23
255 168 22
255 168 21
255 167 20
255 167 19
255 167 18
255 167 17
255 167 17
255 167 16
255 167 14
255 166 13
255 166 12
255 166 10
255 166 9
255 166 7
255 166 6
255 165 4
255 165 3
255 165 3
255 165 2
255 165 0
255 165 0
255 164 0
255 164 0
255 164 0
255 164 0
255 164 0
255 164 0
255 163 0
255 163 0
255 163 0
255 163 0
255 163 0
255 163 0
255 163 0
255 162 0
255 162 0
255 162 0
255 162 0
255 162 0
255 162 0
255 161 0
255 161 0
255 161 0
255 161 0
255 161 0
255 161 0
255 160 0
255 160 0
255 160 0
255 160 0
255 160 0
255 160 0
255 159 0
255 159 0
255 159 0
255 159 0
255 159 0
255 159 0
255 158 0
255 158 0
255 158 0
255 158 0
255 158 0
255 158 0
255 157 0
255 157 0
255 157 0
255 157 0
255 157 0
255 156 0
255 156 0
255 156 0
255 156 0
255 156 0
255 156 0
255 156 0
255 155 0
255 155 0
255 155 0
255 155 0
255 155 0
255 154 0
255 154 0
255 154 0
255 154 0
255 154 0
255 154 0
255 153 0
255 153 0
255 153 0
255 153 0
255 153 0
255 152 0
255 152 0
255 152 0
255 152 0
255 152 0
255 152 0
255 151 0
255 151 0
255 151 0
255 151 0
255 151 0
255 151 0
255 151 0
255 150 0
255 150 0
255 150 0
255 150 0
255 150 0
255 149 0
255 149 0
255 149 0
255 149 0
255 149 0
255 149 0
255 148 0
255 148 0
255 148 0
255 148 0
255 148 0
255 147 0
255 147 0
255 147 0
255 147 0
255 147 0
255 147 0
255 146 0
255 146 0
255 146 0
255 146 0
255 146 0
255 145 0
255 145 0
255 145 0
255 145 0
255 145 0
255 145 0
255 144 0
255 144 0
255 144 0
255 144 0
255 144 0
255 143 0
255 143 0
255 143 0
255 143 0
255 143 0
255 143 0
255 142 0
255 142 0
255 142 0
255 142 0
255 142 0
255 141 0
255 141 0
255 141 0
255 141 0
255 141 0
255 141 0
255 140 0
255 140 0
255 140 0
255 140 0
255 140 0
255 139 0
255 139 0
255 139 0
255 139 0
255 138 0
255 138 0
255 138 0
255 138 0
255 138 0
255 138 0
255 137 0
255 137 0
255 137 0
255 137 0
255 137 0
255 136 0
255 136 0
255 136 0
255 136 0
255 136 0
255 136 0
255 135 0
255 135 0
255 135 0
255 135 0
255 135 0
255 134 0
255 134 0
255 134 0
255 134 0
255 134 0
255 133 0
255 133 0
255 133 0
255 133 0
255 133 0
255 132 0
255 132 0
255 132 0
255 132 0
255 132 0
255 132 0
255 131 0
255 131 0
255 131 0
255 131 0
255 130 0
255 130 0
255 130 0
255 130 0
255 130 0
255 130 0
255 129 0
255 129 0
255 129 0
255 129 0
255 129 0
255 128 0
255 128 0
255 128 0
255 128 0
255 128 0
255 127 0
255 127 0
255 127 0
255 127 0
255 127 0
255 126 0
255 126 0
255 126 0
255 126 0
255 126 0
255 126 0
255 125 0
255 125 0
255 125 0
255 125 0
255 124 0
255 124 0
255 124 0
255 124 0
255 124 0
255 124 0
255 123 0
255 123 0
255 123 0
255 123 0
255 122 0
255 122 0
255 122 0
255 122 0
255 122 0
255 121 0
255 121 0
255 121 0
255 121 0
255 121 0
255 120 0
255 120 0
255 120 0
255 120 0
255 119 0
255 119 0
255 119 0
255 119 0
255 119 0
255 119 0
255 118 0
255 118 0
255 118 0
255 118 0
255 117 0
255 117 0
255 117 0
255 117 0
255 117 0
255 117 0
255 116 0
255 116 0
255 116 0
255 116 0
255 115 0
255 115 0
255 115 0
255 115 0
255 114 0
255 114 0
255 114 0
255 114 0
255 114 0
255 114 0
255 113 0
255 113 0
255 113 0
255 113 0
255 112 0
255 112 0
255 112 0
255 112 0
255 112 0
255 111 0
255 111 0
255 111 0
255 111 0
255 110 0
255 110 0
255 110 0
255 110 0
255 110 0
255 110 0
255 109 0
255 109 0
255 109 0
255 109 0
255 108 0
255 108 0
255 108 0
255 108 0
255 107 0
255 107 0
255 107 0
255 107 0
255 107 0
255 106 0
255 106 0
255 106 0
255 106 0
255 105 0
255 105 0
255 105 0
255 105 0
255 105 0
255 104 0
255 104 0
255 104 0
255 104 0
255 103 0
255 103 0
255 103 0
255 103 0
255 102 0
255 102 0
255 102 0
255 102 0
255 102 0
255 101 0
255 101 0
255 101 0
255 101 0
255 100 0
255 100 0
255 100 0
255 100 0
255 100 0
255 99 0
255 99 0
255 99 0
255 99 0
255 98 0
255 98 0
255 98 0
255 98 0
255 97 0
255 97 0
255 97 0
255 97 0
255 97 0
255 96 0
255 96 0
255 96 0
255 96 0
255 95 0
255 95 0
255 95 0
255 95 0
255 95 0
255 94 0
255 94 0
255 94 0
255 93 0
255 93 0
255 93 0
255 93 0
255 92 0
255 92 0
255 92 0
255 92 0
255 92 0
255 91 0
255 91 0
255 91 0
255 91 0
255 90 0
255 90 0
255 90 0
255 89 0
255 89 0
255 89 0
255 89 0
255 89 0
255 88 0
255 88 0
255 88 0
255 87 0
255 87 0
255 87 0
255 87 0
255 87 0
255 86 0
255 86 0
255 86 0
255 86 0
255 85 0
255 85 0
255 85 0
255 84 0
255 84 0
255 84 0
255 84 0
255 84 0
255 83 0
255 83 0
255 83 0
255 82 0
255 82 0
255 82 0
255 81 0
255 81 0
255 81 0
255 81 0
255 81 0
255 80 0
255 80 0
255 80 0
255 79 0
255 79 0
255 79 0
255 78 0
255 78 0
255 78 0
255 78 0
255 78 0
255 77 0
255 77 0
255 77 0
255 76 0
255 76 0
255 76 0
255 75 0
255 75 0
255 75 0
255 75 0
255 74 0
255 74 0
255 74 0
255 74 0
255 73 0
255 73 0
255 73 0
255 72 0
255 72 0
255 72 0
255 72 0
255 71 0
255 71 0
255 71 0
255 70 0
255 70 0
255 70 0
255 69 0
255 69 0
255 69 0
255 68 0
255 68 0
255 68 0
255 68 0
255 67 0
255 67 0
255 66 0
255 66 0
255 66 0
255 65 0
255 65 0
255 65 0
255 65 0
255 64 0
255 64 0
255 64 0
255 63 0
255 63 0
255 63 0
255 62 0
255 62 0
255 61 0
255 61 0
255 61 0
255 61 0
255 60 0
255 60 0
255 60 0
255 59 0