0.003921 0.003921 0.0
0.003921 0.003921 0.0
0.003921 0.003921 0.0
0.011764 0.007843 0.0
0.011764 0.007843 0.0
0.011764 0.007843 0.0
0.011764 0.007843 0.0
0.015686 0.011764 0.0
0.015686 0.011764 0.0
0.015686 0.011764 0.0
0.015686 0.011764 0.0
0.015686 0.011764 0.0
0.023529 0.019607 0.0
0.023529 0.019607 0.0
0.023529 0.019607 0.0
0.023529 0.019607 0.0
0.031372 0.02745 0.0
0.031372 0.02745 0.0
0.031372 0.02745 0.0
0.031372 0.02745 0.0
0.035294 0.031372 0.0
0.035294 0.031372 0.0
0.035294 0.031372 0.0
0.035294 0.031372 0.0
0.043137 0.039215 0.0
0.043137 0.039215 0.0
0.043137 0.039215 0.0
0.043137 0.039215 0.0
0.05098 0.047058 0.0
0.05098 0.047058 0.0
0.05098 0.047058 0.0
0.05098 0.047058 0.0
0.054901 0.05098 0.0
0.054901 0.05098 0.0
0.054901 0.05098 0.0
0.054901 0.05098 0.0
0.054901 0.05098 0.0
0.062745 0.058823 0.0
0.062745 0.058823 0.0
0.062745 0.058823 0.0
0.062745 0.058823 0.0
0.070588 0.062745 0.0
0.070588 0.062745 0.0
0.070588 0.062745 0.0
0.070588 0.062745 0.0
0.078431 0.066666 0.0
0.078431 0.066666 0.0
0.078431 0.066666 0.0
0.078431 0.066666 0.0
0.086274 0.074509 0.0
0.086274 0.074509 0.0
0.086274 0.074509 0.0
0.086274 0.074509 0.0
0.094117 0.082352 0.0
0.094117 0.082352 0.0
0.094117 0.082352 0.0
0.094117 0.082352 0.0
0.094117 0.082352 0.0
0.098039 0.086274 0.0
0.098039 0.086274 0.0
0.098039 0.086274 0.0
0.098039 0.086274 0.0
0.105882 0.094117 0.0
0.105882 0.094117 0.0
0.105882 0.094117 0.0
0.105882 0.094117 0.0
0.113725 0.10196 0.0
0.113725 0.10196 0.0
0.113725 0.10196 0.0
0.113725 0.10196 0.0
0.117647 0.105882 0.0
0.117647 0.105882 0.0
0.117647 0.105882 0.0
0.117647 0.105882 0.0
0.12549 0.113725 0.0
0.12549 0.113725 0.0
0.12549 0.113725 0.0
0.12549 0.113725 0.0
0.133333 0.117647 0.0
0.133333 0.117647 0.0
0.133333 0.117647 0.0
0.133333 0.117647 0.0
0.133333 0.117647 0.0
0.137254 0.121568 0.0
0.137254 0.121568 0.0
0.137254 0.121568 0.0
0.137254 0.121568 0.0
0.145098 0.129411 0.0
0.145098 0.129411 0.0
0.145098 0.129411 0.0
0.145098 0.129411 0.0
0.152941 0.137254 0.0
0.152941 0.137254 0.0
0.152941 0.137254 0.0
0.152941 0.137254 0.0
0.160784 0.141176 0.0
0.160784 0.141176 0.0
0.160784 0.141176 0.0
0.160784 0.141176 0.0
0.168627 0.149019 0.0
0.168627 0.149019 0.0
0.168627 0.149019 0.0
0.168627 0.149019 0.0
0.168627 0.149019 0.0
0.17647 0.156862 0.0
0.17647 0.156862 0.0
0.17647 0.156862 0.0
0.17647 0.156862 0.0
0.180392 0.160784 0.0
0.180392 0.160784 0.0
0.180392 0.160784 0.0
0.180392 0.160784 0.0
0.188235 0.168627 0.0
0.188235 0.168627 0.0
0.188235 0.168627 0.0
0.188235 0.168627 0.0
0.196078 0.172549 0.0
0.196078 0.172549 0.0
0.196078 0.172549 0.0
0.196078 0.172549 0.0
0.2 0.17647 0.0
0.2 0.17647 0.0
0.2 0.17647 0.0
0.2 0.17647 0.0
0.2 0.17647 0.0
0.207843 0.184313 0.0
0.207843 0.184313 0.0
0.207843 0.184313 0.0
0.207843 0.184313 0.0
0.215686 0.192156 0.0
0.215686 0.192156 0.0
0.215686 0.192156 0.0
0.215686 0.192156 0.0
0.219607 0.196078 0.0
0.219607 0.196078 0.0
0.219607 0.196078 0.0
0.219607 0.196078 0.0
0.22745 0.203921 0.0
0.22745 0.203921 0.0
0.22745 0.203921 0.0
0.22745 0.203921 0.0
0.235294 0.207843 0.0
0.235294 0.207843 0.0
0.235294 0.207843 0.0
0.235294 0.207843 0.0
0.243137 0.215686 0.0
0.243137 0.215686 0.0
0.243137 0.215686 0.0
0.243137 0.215686 0.0
0.243137 0.215686 0.0
0.25098 0.219607 0.0
0.25098 0.219607 0.0
0.25098 0.219607 0.0
0.25098 0.219607 0.0
0.254901 0.22745 0.0
0.254901 0.22745 0.0
0.254901 0.22745 0.0
0.254901 0.22745 0.0
0.262745 0.231372 0.0
0.262745 0.231372 0.0
0.262745 0.231372 0.0
0.262745 0.231372 0.0
0.270588 0.239215 0.0
0.270588 0.239215 0.0
0.270588 0.239215 0.0
0.270588 0.239215 0.0
0.274509 0.243137 0.0
0.274509 0.243137 0.0
0.274509 0.243137 0.0
0.274509 0.243137 0.0
0.274509 0.243137 0.0
0.282352 0.25098 0.0
0.282352 0.25098 0.0
0.282352 0.25098 0.0
0.282352 0.25098 0.0
0.290196 0.258823 0.0
0.290196 0.258823 0.0
0.290196 0.258823 0.0
0.290196 0.258823 0.0
0.294117 0.262745 0.0
0.294117 0.262745 0.0
0.294117 0.262745 0.0
0.294117 0.262745 0.0
0.30196 0.270588 0.0
0.30196 0.270588 0.0
0.30196 0.270588 0.0
0.30196 0.270588 0.0
0.309803 0.274509 0.0
0.309803 0.274509 0.0
0.309803 0.274509 0.0
0.309803 0.274509 0.0
0.317647 0.282352 0.0
0.317647 0.282352 0.0
0.317647 0.282352 0.0
0.317647 0.282352 0.0
0.317647 0.282352 0.0
0.32549 0.286274 0.0
0.32549 0.286274 0.0
0.32549 0.286274 0.0
0.32549 0.286274 0.0
0.333333 0.294117 0.0
0.333333 0.294117 0.0
0.333333 0.294117 0.0
0.333333 0.294117 0.0
0.337254 0.298039 0.0
0.337254 0.298039 0.0
0.337254 0.298039 0.0
0.337254 0.298039 0.0
0.345098 0.305882 0.0
0.345098 0.305882 0.0
0.345098 0.305882 0.0
0.345098 0.305882 0.0
0.352941 0.313725 0.0
0.352941 0.313725 0.0
0.352941 0.313725 0.0
0.352941 0.313725 0.0
0.352941 0.313725 0.0
0.356862 0.317647 0.0
0.356862 0.317647 0.0
0.356862 0.317647 0.0
0.356862 0.317647 0.0
0.364705 0.32549 0.0
0.364705 0.32549 0.0
0.364705 0.32549 0.0
0.364705 0.32549 0.0
0.372549 0.329411 0.0
0.372549 0.329411 0.0
0.372549 0.329411 0.0
0.372549 0.329411 0.0
0.37647 0.337254 0.0
0.37647 0.337254 0.0
0.37647 0.337254 0.0
0.37647 0.337254 0.0
0.384313 0.341176 0.0
0.384313 0.341176 0.0
0.384313 0.341176 0.0
0.384313 0.341176 0.0
0.392156 0.349019 0.0
0.392156 0.349019 0.0
0.392156 0.349019 0.0
0.392156 0.349019 0.0
0.392156 0.349019 0.0
0.4 0.352941 0.0
0.4 0.352941 0.0
0.4 0.352941 0.0
0.4 0.352941 0.0
0.407843 0.360784 0.0
0.407843 0.360784 0.0
0.407843 0.360784 0.0
0.407843 0.360784 0.0
0.411764 0.368627 0.0
0.411764 0.368627 0.0
0.411764 0.368627 0.0
0.411764 0.368627 0.0
0.419607 0.372549 0.0
0.419607 0.372549 0.0
0.419607 0.372549 0.0
0.419607 0.372549 0.0
0.42745 0.380392 0.0
0.42745 0.380392 0.0
0.42745 0.380392 0.0
0.42745 0.380392 0.0
0.42745 0.380392 0.0
0.435294 0.384313 0.0
0.435294 0.384313 0.0
0.435294 0.384313 0.0
0.435294 0.384313 0.0
0.439215 0.392156 0.0
0.439215 0.392156 0.0
0.439215 0.392156 0.0
0.439215 0.392156 0.0
0.447058 0.396078 0.0
0.447058 0.396078 0.0
0.447058 0.396078 0.0
0.447058 0.396078 0.0
0.45098 0.4 0.0
0.45098 0.4 0.0
0.45098 0.4 0.0
0.45098 0.4 0.0
0.458823 0.407843 0.0
0.458823 0.407843 0.0
0.458823 0.407843 0.0
0.458823 0.407843 0.0
0.466666 0.415686 0.0
0.466666 0.415686 0.0
0.466666 0.415686 0.0
0.466666 0.415686 0.0
0.466666 0.415686 0.0
0.474509 0.419607 0.0
0.474509 0.419607 0.0
0.474509 0.419607 0.0
0.474509 0.419607 0.0
0.482352 0.42745 0.0
0.482352 0.42745 0.0
0.482352 0.42745 0.0
0.482352 0.42745 0.0
0.486274 0.435294 0.0
0.486274 0.435294 0.0
0.486274 0.435294 0.0
0.486274 0.435294 0.0
0.494117 0.439215 0.0
0.494117 0.439215 0.0
0.494117 0.439215 0.0
0.494117 0.439215 0.0
0.50196 0.447058 0.0
0.50196 0.447058 0.0
0.50196 0.447058 0.0
0.50196 0.447058 0.0
0.50196 0.447058 0.0
0.509803 0.45098 0.0
0.509803 0.45098 0.0
0.509803 0.45098 0.0
0.509803 0.45098 0.0
0.513725 0.454901 0.0
0.513725 0.454901 0.0
0.513725 0.454901 0.0
0.513725 0.454901 0.0
0.521568 0.462745 0.0
0.521568 0.462745 0.0
0.521568 0.462745 0.0
0.521568 0.462745 0.0
0.529411 0.470588 0.0
0.529411 0.470588 0.0
0.529411 0.470588 0.0
0.529411 0.470588 0.0
0.533333 0.474509 0.0
0.533333 0.474509 0.0
0.533333 0.474509 0.0
0.533333 0.474509 0.0
0.533333 0.474509 0.0
0.541176 0.482352 0.0
0.541176 0.482352 0.0
0.541176 0.482352 0.0
0.541176 0.482352 0.0
0.549019 0.490196 0.0
0.549019 0.490196 0.0
0.549019 0.490196 0.0
0.549019 0.490196 0.0
0.556862 0.494117 0.0
0.556862 0.494117 0.0
0.556862 0.494117 0.0
0.556862 0.494117 0.0
0.560784 0.50196 0.0
0.560784 0.50196 0.0
0.560784 0.50196 0.0
0.560784 0.50196 0.0
0.568627 0.505882 0.0
0.568627 0.505882 0.0
0.568627 0.505882 0.0
0.568627 0.505882 0.0
0.57647 0.509803 0.0
0.57647 0.509803 0.0
0.57647 0.509803 0.0
0.57647 0.509803 0.0
0.57647 0.509803 0.0
0.584313 0.517647 0.0
0.584313 0.517647 0.0
0.584313 0.517647 0.0
0.584313 0.517647 0.0
0.592156 0.52549 0.0
0.592156 0.52549 0.0
0.592156 0.52549 0.0
0.592156 0.52549 0.0
0.596078 0.529411 0.0
0.596078 0.529411 0.0
0.596078 0.529411 0.0
0.596078 0.529411 0.0
0.603921 0.537254 0.0
0.603921 0.537254 0.0
0.603921 0.537254 0.0
0.603921 0.537254 0.0
0.611764 0.545098 0.0
0.611764 0.545098 0.0
0.611764 0.545098 0.0
0.611764 0.545098 0.0
0.611764 0.545098 0.0
0.615686 0.549019 0.0
0.615686 0.549019 0.0
0.615686 0.549019 0.0
0.615686 0.549019 0.0
0.623529 0.552941 0.0
0.623529 0.552941 0.0
0.623529 0.552941 0.0
0.623529 0.552941 0.0
0.631372 0.560784 0.0
0.631372 0.560784 0.0
0.631372 0.560784 0.0
0.631372 0.560784 0.0
0.635294 0.564705 0.0
0.635294 0.564705 0.0
0.635294 0.564705 0.0
0.635294 0.564705 0.0
0.643137 0.572549 0.0
0.643137 0.572549 0.0
0.643137 0.572549 0.0
0.643137 0.572549 0.0
0.65098 0.580392 0.0
0.65098 0.580392 0.0
0.65098 0.580392 0.0
0.65098 0.580392 0.0
0.65098 0.580392 0.0
0.65098 0.580392 0.0
0.65098 0.580392 0.0
0.65098 0.580392 0.0
0.65098 0.580392 0.0
0.65098 0.580392 0.0
0.65098 0.580392 0.0
0.65098 0.580392 0.0
0.65098 0.580392 0.0
0.65098 0.580392 0.0
0.65098 0.580392 0.0
0.65098 0.580392 0.0
0.65098 0.580392 0.0
0.654901 0.580392 0.0
0.654901 0.580392 0.0
0.654901 0.580392 0.0
0.654901 0.580392 0.0
0.654901 0.580392 0.0
0.654901 0.580392 0.0
0.654901 0.580392 0.0
0.654901 0.580392 0.0
0.654901 0.580392 0.0
0.654901 0.580392 0.0
0.654901 0.580392 0.0
0.654901 0.580392 0.0
0.654901 0.580392 0.0
0.654901 0.580392 0.0
0.654901 0.580392 0.0
0.654901 0.580392 0.0
0.654901 0.580392 0.0
0.654901 0.584313 0.0
0.654901 0.584313 0.0
0.654901 0.584313 0.0
0.654901 0.584313 0.0
0.654901 0.584313 0.0
0.654901 0.584313 0.0
0.654901 0.584313 0.0
0.654901 0.584313 0.0
0.658823 0.584313 0.0
0.658823 0.584313 0.0
0.658823 0.584313 0.0
0.658823 0.584313 0.0
0.658823 0.584313 0.0
0.658823 0.584313 0.0
0.658823 0.584313 0.0
0.658823 0.584313 0.0
0.658823 0.584313 0.0
0.658823 0.588235 0.0
0.658823 0.588235 0.0
0.658823 0.588235 0.0
0.658823 0.588235 0.0
0.662745 0.588235 0.0
0.662745 0.588235 0.0
0.662745 0.588235 0.0
0.662745 0.588235 0.0
0.662745 0.588235 0.0
0.662745 0.588235 0.0
0.662745 0.588235 0.0
0.662745 0.588235 0.0
0.662745 0.592156 0.0
0.662745 0.592156 0.0
0.662745 0.592156 0.0
0.662745 0.592156 0.0
0.666666 0.592156 0.0
0.666666 0.592156 0.0
0.666666 0.592156 0.0
0.666666 0.592156 0.0
0.666666 0.592156 0.0
0.670588 0.596078 0.0
0.670588 0.596078 0.0
0.670588 0.596078 0.0
0.670588 0.596078 0.0
0.670588 0.596078 0.0
0.670588 0.596078 0.0
0.670588 0.596078 0.0
0.670588 0.596078 0.0
0.670588 0.596078 0.0
0.670588 0.596078 0.0
0.670588 0.596078 0.0
0.670588 0.596078 0.0
0.674509 0.6 0.0
0.674509 0.6 0.0
0.674509 0.6 0.0
0.674509 0.6 0.0
0.678431 0.6 0.0
0.678431 0.6 0.0
0.678431 0.6 0.0
0.678431 0.6 0.0
0.678431 0.603921 0.0
0.678431 0.603921 0.0
0.678431 0.603921 0.0
0.678431 0.603921 0.0
0.678431 0.603921 0.0
0.682352 0.607843 0.0
0.682352 0.607843 0.0
0.682352 0.607843 0.0
0.682352 0.607843 0.0
0.682352 0.607843 0.0
0.682352 0.607843 0.0
0.682352 0.607843 0.0
0.682352 0.607843 0.0
0.686274 0.611764 0.0
0.686274 0.611764 0.0
0.686274 0.611764 0.0
0.686274 0.611764 0.0
0.690196 0.615686 0.0
0.690196 0.615686 0.0
0.690196 0.615686 0.0
0.690196 0.615686 0.0
0.694117 0.615686 0.0
0.694117 0.615686 0.0
0.694117 0.615686 0.0
0.694117 0.615686 0.0
0.694117 0.615686 0.0
0.694117 0.619607 0.0
0.694117 0.619607 0.0
0.694117 0.619607 0.0
0.694117 0.619607 0.0
0.698039 0.623529 0.0
0.698039 0.623529 0.0
0.698039 0.623529 0.0
0.698039 0.623529 0.0
0.70196 0.623529 0.0
0.70196 0.623529 0.0
0.70196 0.623529 0.0
0.70196 0.623529 0.0
0.705882 0.62745 0.0
0.705882 0.62745 0.0
0.705882 0.62745 0.0
0.705882 0.62745 0.0
0.709803 0.631372 0.0
0.709803 0.631372 0.0
0.709803 0.631372 0.0
0.709803 0.631372 0.0
0.709803 0.631372 0.0
0.713725 0.635294 0.0
0.713725 0.635294 0.0
0.713725 0.635294 0.0
0.713725 0.635294 0.0
0.717647 0.639215 0.0
0.717647 0.639215 0.0
0.717647 0.639215 0.0
0.717647 0.639215 0.0
0.717647 0.639215 0.0
0.717647 0.639215 0.0
0.717647 0.639215 0.0
0.717647 0.639215 0.0
0.721568 0.643137 0.0
0.721568 0.643137 0.0
0.721568 0.643137 0.0
0.721568 0.643137 0.0
0.72549 0.647058 0.0
0.72549 0.647058 0.0
0.72549 0.647058 0.0
0.72549 0.647058 0.0
0.729411 0.65098 0.0
0.729411 0.65098 0.0
0.729411 0.65098 0.0
0.729411 0.65098 0.0
0.729411 0.65098 0.0
0.733333 0.654901 0.0
0.733333 0.654901 0.0
0.733333 0.654901 0.0
0.733333 0.654901 0.0
0.741176 0.658823 0.0
0.741176 0.658823 0.0
0.741176 0.658823 0.0
0.741176 0.658823 0.0
0.741176 0.662745 0.0
0.741176 0.662745 0.0
0.741176 0.662745 0.0
0.741176 0.662745 0.0
0.749019 0.666666 0.0
0.749019 0.666666 0.0
0.749019 0.666666 0.0
0.749019 0.666666 0.0
0.752941 0.670588 0.0
0.752941 0.670588 0.0
0.752941 0.670588 0.0
0.752941 0.670588 0.0
0.752941 0.670588 0.0
0.756862 0.674509 0.0
0.756862 0.674509 0.0
0.756862 0.674509 0.0
0.756862 0.674509 0.0
0.760784 0.678431 0.0
0.760784 0.678431 0.0
0.760784 0.678431 0.0
0.760784 0.678431 0.0
0.764705 0.682352 0.0
0.764705 0.682352 0.0
0.764705 0.682352 0.0
0.764705 0.682352 0.0
0.768627 0.686274 0.0
0.768627 0.686274 0.0
0.768627 0.686274 0.0
0.768627 0.686274 0.0
0.77647 0.690196 0.0
0.77647 0.690196 0.0
0.77647 0.690196 0.0
0.77647 0.690196 0.0
0.780392 0.694117 0.0
0.780392 0.694117 0.0
0.780392 0.694117 0.0
0.780392 0.694117 0.0
0.780392 0.694117 0.0
0.784313 0.698039 0.0
0.784313 0.698039 0.0
0.784313 0.698039 0.0
0.784313 0.698039 0.0
0.788235 0.70196 0.0
0.788235 0.70196 0.0
0.788235 0.70196 0.0
0.788235 0.70196 0.0
0.796078 0.709803 0.0
0.796078 0.709803 0.0
0.796078 0.709803 0.0
0.796078 0.709803 0.0
0.8 0.713725 0.0
0.8 0.713725 0.0
0.8 0.713725 0.0
0.8 0.713725 0.0
0.803921 0.717647 0.0
0.803921 0.717647 0.0
0.803921 0.717647 0.0
0.803921 0.717647 0.0
0.803921 0.717647 0.0
0.811764 0.721568 0.0
0.811764 0.721568 0.0
0.811764 0.721568 0.0
0.811764 0.721568 0.0
0.815686 0.72549 0.0
0.815686 0.72549 0.0
0.815686 0.72549 0.0
0.815686 0.72549 0.0
0.819607 0.733333 0.0
0.819607 0.733333 0.0
0.819607 0.733333 0.0
0.819607 0.733333 0.0
0.82745 0.737254 0.0
0.82745 0.737254 0.0
0.82745 0.737254 0.0
0.82745 0.737254 0.0
0.831372 0.741176 0.0
0.831372 0.741176 0.0
0.831372 0.741176 0.0
0.831372 0.741176 0.0
0.835294 0.745098 0.0
0.835294 0.745098 0.0
0.835294 0.745098 0.0
0.835294 0.745098 0.0
0.835294 0.745098 0.0
0.843137 0.752941 0.0
0.843137 0.752941 0.0
0.843137 0.752941 0.0
0.843137 0.752941 0.0
0.847058 0.756862 0.0
0.847058 0.756862 0.0
0.847058 0.756862 0.0
0.847058 0.756862 0.0
0.854901 0.760784 0.0
0.854901 0.760784 0.0
0.854901 0.760784 0.0
0.854901 0.760784 0.0
0.858823 0.768627 0.0
0.858823 0.768627 0.0
0.858823 0.768627 0.0
0.858823 0.768627 0.0
0.862745 0.772549 0.0
0.862745 0.772549 0.0
0.862745 0.772549 0.0
0.862745 0.772549 0.0
0.862745 0.772549 0.0
0.870588 0.77647 0.0
0.870588 0.77647 0.0
0.870588 0.77647 0.0
0.870588 0.77647 0.0
0.874509 0.780392 0.0
0.874509 0.780392 0.0
0.874509 0.780392 0.0
0.874509 0.780392 0.0
0.882352 0.788235 0.0
0.882352 0.788235 0.0
0.882352 0.788235 0.0
0.882352 0.788235 0.0
0.890196 0.792156 0.0
0.890196 0.792156 0.0
0.890196 0.792156 0.0
0.890196 0.792156 0.0
0.894117 0.796078 0.0
0.894117 0.796078 0.0
0.894117 0.796078 0.0
0.894117 0.796078 0.0
0.898039 0.803921 0.0
0.898039 0.803921 0.0
0.898039 0.803921 0.0
0.898039 0.803921 0.0
0.898039 0.803921 0.0
0.905882 0.811764 0.0
0.905882 0.811764 0.0
0.905882 0.811764 0.0
0.905882 0.811764 0.0
0.909803 0.815686 0.0
0.909803 0.815686 0.0
0.909803 0.815686 0.0
0.909803 0.815686 0.0
0.917647 0.819607 0.0
0.917647 0.819607 0.0
0.917647 0.819607 0.0
0.917647 0.819607 0.0
0.92549 0.82745 0.0
0.92549 0.82745 0.0
0.92549 0.82745 0.0
0.92549 0.82745 0.0
0.929411 0.831372 0.0
0.929411 0.831372 0.0
0.929411 0.831372 0.0
0.929411 0.831372 0.0
0.929411 0.831372 0.0
0.937254 0.839215 0.0
0.937254 0.839215 0.0
0.937254 0.839215 0.0
0.937254 0.839215 0.0
0.945098 0.843137 0.0
0.945098 0.843137 0.0
0.945098 0.843137 0.0
0.945098 0.843137 0.0
0.949019 0.847058 0.0
0.949019 0.847058 0.0
0.949019 0.847058 0.0
0.949019 0.847058 0.0
0.956862 0.854901 0.0
0.956862 0.854901 0.0
0.956862 0.854901 0.0
0.956862 0.854901 0.0
0.964705 0.862745 0.0
0.964705 0.862745 0.0
0.964705 0.862745 0.0
0.964705 0.862745 0.0
0.964705 0.862745 0.0
0.968627 0.866666 0.0
0.968627 0.866666 0.0
0.968627 0.866666 0.0
0.968627 0.866666 0.0
0.97647 0.874509 0.0
0.97647 0.874509 0.0
0.97647 0.874509 0.0
0.97647 0.874509 0.0
0.984313 0.878431 0.0
0.984313 0.878431 0.0
0.984313 0.878431 0.0
0.984313 0.878431 0.0
0.988235 0.882352 0.0
0.988235 0.882352 0.0
0.988235 0.882352 0.0
0.988235 0.882352 0.0
0.996078 0.890196 0.0
0.996078 0.890196 0.0
0.996078 0.890196 0.0
0.996078 0.890196 0.0
1.0 0.898039 0.023529
1.0 0.898039 0.023529
1.0 0.898039 0.023529
1.0 0.898039 0.023529
1.0 0.898039 0.023529
1.0 0.90196 0.031372
1.0 0.90196 0.031372
1.0 0.90196 0.031372
1.0 0.90196 0.031372
1.0 0.909803 0.039215
1.0 0.909803 0.039215
1.0 0.909803 0.039215
1.0 0.909803 0.039215
1.0 0.917647 0.047058
1.0 0.917647 0.047058
1.0 0.917647 0.047058
1.0 0.917647 0.047058
1.0 0.921568 0.05098
1.0 0.921568 0.05098
1.0 0.921568 0.05098
1.0 0.921568 0.05098
1.0 0.92549 0.058823
1.0 0.92549 0.058823
1.0 0.92549 0.058823
1.0 0.92549 0.058823
1.0 0.92549 0.058823
1.0 0.933333 0.062745
1.0 0.933333 0.062745
1.0 0.933333 0.062745
1.0 0.933333 0.062745
1.0 0.937254 0.066666
1.0 0.937254 0.066666
1.0 0.937254 0.066666
1.0 0.937254 0.066666
1.0 0.945098 0.070588
1.0 0.945098 0.070588
1.0 0.945098 0.070588
1.0 0.945098 0.070588
1.0 0.952941 0.074509
1.0 0.952941 0.074509
1.0 0.952941 0.074509
1.0 0.952941 0.074509
1.0 0.952941 0.074509
1.0 0.952941 0.074509
1.0 0.952941 0.074509
1.0 0.952941 0.074509
1.0 0.952941 0.078431
1.0 0.952941 0.078431
1.0 0.952941 0.078431
1.0 0.952941 0.078431
1.0 0.952941 0.078431
1.0 0.952941 0.086274
1.0 0.952941 0.086274
1.0 0.952941 0.086274
1.0 0.952941 0.086274
1.0 0.952941 0.094117
1.0 0.952941 0.094117
1.0 0.952941 0.094117
1.0 0.952941 0.094117
1.0 0.952941 0.10196
1.0 0.952941 0.10196
1.0 0.952941 0.10196
1.0 0.952941 0.10196
1.0 0.952941 0.113725
1.0 0.952941 0.113725
1.0 0.952941 0.113725
1.0 0.952941 0.113725
1.0 0.952941 0.12549
1.0 0.952941 0.12549
1.0 0.952941 0.12549
1.0 0.952941 0.12549
1.0 0.952941 0.12549
1.0 0.952941 0.141176
1.0 0.952941 0.141176
1.0 0.952941 0.141176
1.0 0.952941 0.141176
1.0 0.952941 0.152941
1.0 0.952941 0.152941
1.0 0.952941 0.152941
1.0 0.952941 0.152941
1.0 0.952941 0.164705
1.0 0.952941 0.164705
1.0 0.952941 0.164705
1.0 0.952941 0.164705
1.0 0.952941 0.180392
1.0 0.952941 0.180392
1.0 0.952941 0.180392
1.0 0.952941 0.180392
1.0 0.952941 0.196078
1.0 0.952941 0.196078
1.0 0.952941 0.196078
1.0 0.952941 0.196078
1.0 0.952941 0.207843
1.0 0.952941 0.207843
1.0 0.952941 0.207843
1.0 0.952941 0.207843
1.0 0.952941 0.207843
1.0 0.956862 0.223529
1.0 0.956862 0.223529
1.0 0.956862 0.223529
1.0 0.956862 0.223529
1.0 0.956862 0.239215
1.0 0.956862 0.239215
1.0 0.956862 0.239215
1.0 0.956862 0.239215
1.0 0.956862 0.254901
1.0 0.956862 0.254901
1.0 0.956862 0.254901
1.0 0.956862 0.254901
1.0 0.956862 0.270588
1.0 0.956862 0.270588
1.0 0.956862 0.270588
1.0 0.956862 0.270588
1.0 0.956862 0.282352
1.0 0.956862 0.282352
1.0 0.956862 0.282352
1.0 0.956862 0.282352
1.0 0.956862 0.282352
1.0 0.956862 0.298039
1.0 0.956862 0.298039
1.0 0.956862 0.298039
1.0 0.956862 0.298039
1.0 0.956862 0.313725
1.0 0.956862 0.313725
1.0 0.956862 0.313725
1.0 0.956862 0.313725
1.0 0.956862 0.329411
1.0 0.956862 0.329411
1.0 0.956862 0.329411
1.0 0.956862 0.329411
1.0 0.956862 0.345098
1.0 0.956862 0.345098
1.0 0.956862 0.345098
1.0 0.956862 0.345098
1.0 0.956862 0.360784
1.0 0.956862 0.360784
1.0 0.956862 0.360784
1.0 0.956862 0.360784
1.0 0.960784 0.37647
1.0 0.960784 0.37647
1.0 0.960784 0.37647
1.0 0.960784 0.37647
1.0 0.960784 0.37647
1.0 0.960784 0.392156
1.0 0.960784 0.392156
1.0 0.960784 0.392156
1.0 0.960784 0.392156
1.0 0.960784 0.407843
1.0 0.960784 0.407843
1.0 0.960784 0.407843
1.0 0.960784 0.407843
1.0 0.960784 0.419607
1.0 0.960784 0.419607
1.0 0.960784 0.419607
1.0 0.960784 0.419607
1.0 0.960784 0.435294
1.0 0.960784 0.435294
1.0 0.960784 0.435294
1.0 0.960784 0.435294
1.0 0.960784 0.45098
1.0 0.960784 0.45098
1.0 0.960784 0.45098
1.0 0.960784 0.45098
1.0 0.960784 0.45098
1.0 0.960784 0.466666
1.0 0.960784 0.466666
1.0 0.960784 0.466666
1.0 0.960784 0.466666
1.0 0.964705 0.482352
1.0 0.964705 0.482352
1.0 0.964705 0.482352
1.0 0.964705 0.482352
1.0 0.964705 0.498039
1.0 0.964705 0.498039
1.0 0.964705 0.498039
1.0 0.964705 0.498039
1.0 0.964705 0.513725
1.0 0.964705 0.513725
1.0 0.964705 0.513725
1.0 0.964705 0.513725
1.0 0.964705 0.529411
1.0 0.964705 0.529411
1.0 0.964705 0.529411
1.0 0.964705 0.529411
1.0 0.964705 0.545098
1.0 0.964705 0.545098
1.0 0.964705 0.545098
1.0 0.964705 0.545098
1.0 0.964705 0.545098
1.0 0.968627 0.560784
1.0 0.968627 0.560784
1.0 0.968627 0.560784
1.0 0.968627 0.560784
1.0 0.968627 0.57647
1.0 0.968627 0.57647
1.0 0.968627 0.57647
1.0 0.968627 0.57647
1.0 0.968627 0.592156
1.0 0.968627 0.592156
1.0 0.968627 0.592156
1.0 0.968627 0.592156
1.0 0.968627 0.607843
1.0 0.968627 0.607843
1.0 0.968627 0.607843
1.0 0.968627 0.607843
1.0 0.968627 0.623529
1.0 0.968627 0.623529
1.0 0.968627 0.623529
1.0 0.968627 0.623529
1.0 0.968627 0.623529
1.0 0.972549 0.639215
1.0 0.972549 0.639215
1.0 0.972549 0.639215
1.0 0.972549 0.639215
1.0 0.972549 0.654901
1.0 0.972549 0.654901
1.0 0.972549 0.654901
1.0 0.972549 0.654901
1.0 0.972549 0.670588
1.0 0.972549 0.670588
1.0 0.972549 0.670588
1.0 0.972549 0.670588
1.0 0.972549 0.686274
1.0 0.972549 0.686274
1.0 0.972549 0.686274
1.0 0.972549 0.686274
1.0 0.972549 0.70196
1.0 0.972549 0.70196
1.0 0.972549 0.70196
1.0 0.972549 0.70196
1.0 0.972549 0.70196
1.0 0.97647 0.713725
1.0 0.97647 0.713725
1.0 0.97647 0.713725
1.0 0.97647 0.713725
1.0 0.97647 0.729411
1.0 0.97647 0.729411
1.0 0.97647 0.729411
1.0 0.97647 0.729411
1.0 0.97647 0.745098
1.0 0.97647 0.745098
1.0 0.97647 0.745098
1.0 0.97647 0.745098
1.0 0.97647 0.760784
1.0 0.97647 0.760784
1.0 0.97647 0.760784
1.0 0.97647 0.760784
1.0 0.980392 0.77647
1.0 0.980392 0.77647
1.0 0.980392 0.77647
1.0 0.980392 0.77647
1.0 0.980392 0.792156
1.0 0.980392 0.792156
1.0 0.980392 0.792156
1.0 0.980392 0.792156
1.0 0.980392 0.792156
1.0 0.980392 0.807843
1.0 0.980392 0.807843
1.0 0.980392 0.807843
1.0 0.980392 0.807843
1.0 0.984313 0.823529
1.0 0.984313 0.823529
1.0 0.984313 0.823529
1.0 0.984313 0.823529
1.0 0.984313 0.839215
1.0 0.984313 0.839215
1.0 0.984313 0.839215
1.0 0.984313 0.839215
1.0 0.984313 0.854901
1.0 0.984313 0.854901
1.0 0.984313 0.854901
1.0 0.984313 0.854901
1.0 0.984313 0.870588
1.0 0.984313 0.870588
1.0 0.984313 0.870588
1.0 0.984313 0.870588
1.0 0.984313 0.870588
1.0 0.988235 0.886274
1.0 0.988235 0.886274
1.0 0.988235 0.886274
1.0 0.988235 0.886274
1.0 0.988235 0.90196
1.0 0.988235 0.90196
1.0 0.988235 0.90196
1.0 0.988235 0.90196
1.0 0.988235 0.917647
1.0 0.988235 0.917647
1.0 0.988235 0.917647
1.0 0.988235 0.917647
1.0 0.992156 0.933333
1.0 0.992156 0.933333
1.0 0.992156 0.933333
1.0 0.992156 0.933333
1.0 0.992156 0.949019
1.0 0.992156 0.949019
1.0 0.992156 0.949019
1.0 0.992156 0.949019
1.0 0.992156 0.964705
1.0 0.992156 0.964705
1.0 0.992156 0.964705
1.0 0.992156 0.964705
1.0 0.992156 0.964705
1.0 0.996078 0.980392
1.0 0.996078 0.980392
1.0 0.996078 0.980392
1.0 0.996078 0.980392
0.996078 0.996078 0.996078
0.996078 0.996078 0.996078
