0.0 0.0 0.0
0.003921 0.0 0.003921
0.007843 0.0 0.007843
0.011764 0.0 0.011764
0.019607 0.0 0.015686
0.023529 0.0 0.019607
0.02745 0.0 0.023529
0.031372 0.0 0.02745
0.035294 0.0 0.031372
0.039215 0.003921 0.035294
0.043137 0.003921 0.039215
0.047058 0.003921 0.043137
0.05098 0.003921 0.047058
0.054901 0.003921 0.05098
0.058823 0.003921 0.054901
0.062745 0.003921 0.058823
0.066666 0.003921 0.062745
0.070588 0.003921 0.066666
0.070588 0.003921 0.070588
0.074509 0.003921 0.074509
0.078431 0.003921 0.074509
0.082352 0.003921 0.078431
0.082352 0.003921 0.082352
0.086274 0.003921 0.086274
0.090196 0.003921 0.086274
0.090196 0.003921 0.090196
0.094117 0.003921 0.094117
0.098039 0.003921 0.094117
0.098039 0.003921 0.098039
0.10196 0.003921 0.10196
0.10196 0.003921 0.10196
0.105882 0.003921 0.105882
0.105882 0.003921 0.109803
0.109803 0.003921 0.113725
0.109803 0.003921 0.113725
0.113725 0.003921 0.117647
0.113725 0.003921 0.121568
0.117647 0.007843 0.121568
0.117647 0.007843 0.12549
0.117647 0.007843 0.129411
0.121568 0.007843 0.133333
0.121568 0.007843 0.137254
0.12549 0.007843 0.137254
0.12549 0.007843 0.141176
0.12549 0.007843 0.145098
0.129411 0.007843 0.149019
0.129411 0.007843 0.149019
0.129411 0.007843 0.152941
0.133333 0.007843 0.156862
0.133333 0.007843 0.160784
0.133333 0.007843 0.160784
0.137254 0.007843 0.164705
0.137254 0.007843 0.168627
0.137254 0.007843 0.172549
0.137254 0.007843 0.172549
0.141176 0.007843 0.17647
0.141176 0.007843 0.180392
0.141176 0.007843 0.184313
0.145098 0.007843 0.184313
0.145098 0.007843 0.188235
0.145098 0.007843 0.192156
0.145098 0.007843 0.192156
0.149019 0.007843 0.196078
0.149019 0.007843 0.2
0.149019 0.007843 0.2
0.149019 0.007843 0.203921
0.152941 0.011764 0.207843
0.152941 0.011764 0.211764
0.152941 0.011764 0.211764
0.152941 0.011764 0.215686
0.156862 0.011764 0.219607
0.156862 0.011764 0.219607
0.156862 0.011764 0.223529
0.156862 0.011764 0.22745
0.156862 0.011764 0.22745
0.160784 0.011764 0.231372
0.160784 0.011764 0.231372
0.160784 0.011764 0.235294
0.160784 0.011764 0.239215
0.164705 0.011764 0.239215
0.164705 0.011764 0.243137
0.164705 0.011764 0.247058
0.164705 0.011764 0.247058
0.164705 0.011764 0.25098
0.168627 0.011764 0.254901
0.168627 0.011764 0.254901
0.168627 0.011764 0.258823
0.168627 0.011764 0.258823
0.168627 0.011764 0.262745
0.168627 0.011764 0.266666
0.172549 0.011764 0.266666
0.172549 0.011764 0.270588
0.172549 0.011764 0.274509
0.172549 0.011764 0.274509
0.172549 0.011764 0.278431
0.17647 0.011764 0.282352
0.17647 0.011764 0.282352
0.17647 0.011764 0.286274
0.17647 0.015686 0.290196
0.17647 0.015686 0.290196
0.17647 0.015686 0.294117
0.180392 0.015686 0.298039
0.180392 0.015686 0.298039
0.180392 0.015686 0.30196
0.180392 0.015686 0.305882
0.180392 0.015686 0.305882
0.180392 0.015686 0.309803
0.184313 0.015686 0.313725
0.184313 0.015686 0.313725
0.184313 0.015686 0.317647
0.184313 0.015686 0.321568
0.184313 0.015686 0.321568
0.184313 0.015686 0.32549
0.188235 0.015686 0.329411
0.188235 0.015686 0.329411
0.188235 0.015686 0.333333
0.188235 0.015686 0.337254
0.188235 0.015686 0.337254
0.188235 0.015686 0.341176
0.192156 0.015686 0.345098
0.192156 0.015686 0.349019
0.192156 0.015686 0.349019
0.192156 0.015686 0.352941
0.192156 0.015686 0.356862
0.192156 0.015686 0.356862
0.192156 0.015686 0.360784
0.196078 0.015686 0.364705
0.196078 0.015686 0.364705
0.196078 0.019607 0.368627
0.196078 0.019607 0.372549
0.196078 0.019607 0.37647
0.196078 0.019607 0.37647
0.196078 0.019607 0.380392
0.2 0.019607 0.384313
0.2 0.019607 0.384313
0.2 0.019607 0.388235
0.2 0.019607 0.392156
0.2 0.019607 0.396078
0.2 0.019607 0.396078
0.2 0.019607 0.4
0.203921 0.019607 0.403921
0.203921 0.019607 0.403921
0.203921 0.019607 0.407843
0.203921 0.019607 0.411764
0.203921 0.019607 0.411764
0.203921 0.019607 0.415686
0.203921 0.019607 0.419607
0.207843 0.019607 0.423529
0.207843 0.019607 0.423529
0.207843 0.019607 0.42745
0.207843 0.019607 0.431372
0.207843 0.019607 0.431372
0.207843 0.019607 0.435294
0.211764 0.019607 0.439215
0.211764 0.019607 0.439215
0.211764 0.019607 0.443137
0.211764 0.019607 0.447058
0.211764 0.019607 0.45098
0.211764 0.019607 0.45098
0.211764 0.023529 0.454901
0.215686 0.023529 0.458823
0.215686 0.023529 0.458823
0.215686 0.023529 0.462745
0.215686 0.023529 0.466666
0.215686 0.023529 0.466666
0.215686 0.023529 0.470588
0.219607 0.023529 0.474509
0.219607 0.023529 0.474509
0.219607 0.023529 0.478431
0.219607 0.023529 0.482352
0.219607 0.023529 0.482352
0.219607 0.023529 0.486274
0.223529 0.023529 0.490196
0.223529 0.023529 0.490196
0.223529 0.023529 0.494117
0.223529 0.023529 0.498039
0.223529 0.023529 0.498039
0.223529 0.023529 0.50196
0.22745 0.023529 0.505882
0.22745 0.023529 0.505882
0.22745 0.023529 0.509803
0.22745 0.023529 0.513725
0.22745 0.023529 0.513725
0.231372 0.023529 0.517647
0.231372 0.023529 0.521568
0.231372 0.023529 0.521568
0.231372 0.023529 0.52549
0.231372 0.023529 0.52549
0.235294 0.023529 0.529411
0.235294 0.023529 0.533333
0.235294 0.02745 0.533333
0.235294 0.02745 0.537254
0.235294 0.02745 0.541176
0.239215 0.02745 0.541176
0.239215 0.02745 0.545098
0.239215 0.02745 0.545098
0.239215 0.02745 0.549019
0.243137 0.02745 0.552941
0.243137 0.02745 0.552941
0.243137 0.02745 0.556862
0.243137 0.02745 0.556862
0.243137 0.02745 0.560784
0.247058 0.02745 0.564705
0.247058 0.02745 0.564705
0.247058 0.02745 0.568627
0.247058 0.02745 0.572549
0.247058 0.02745 0.572549
0.25098 0.02745 0.57647
0.25098 0.02745 0.580392
0.25098 0.02745 0.584313
0.25098 0.02745 0.584313
0.25098 0.02745 0.588235
0.25098 0.02745 0.592156
0.25098 0.02745 0.596078
0.25098 0.02745 0.596078
0.25098 0.02745 0.6
0.25098 0.02745 0.603921
0.25098 0.02745 0.607843
0.25098 0.02745 0.611764
0.25098 0.02745 0.615686
0.25098 0.031372 0.619607
0.25098 0.031372 0.619607
0.25098 0.031372 0.623529
0.25098 0.031372 0.62745
0.25098 0.031372 0.631372
0.25098 0.031372 0.635294
0.25098 0.031372 0.639215
0.25098 0.031372 0.643137
0.25098 0.031372 0.65098
0.247058 0.031372 0.654901
0.247058 0.031372 0.658823
0.247058 0.031372 0.662745
0.243137 0.031372 0.666666
0.243137 0.031372 0.670588
0.243137 0.031372 0.678431
0.239215 0.031372 0.682352
0.239215 0.031372 0.686274
0.235294 0.031372 0.694117
0.231372 0.035294 0.698039
0.231372 0.035294 0.705882
0.22745 0.035294 0.709803
0.223529 0.035294 0.717647
0.219607 0.035294 0.721568
0.215686 0.035294 0.729411
0.211764 0.035294 0.737254
0.207843 0.035294 0.741176
0.203921 0.035294 0.749019
0.196078 0.035294 0.756862
0.188235 0.035294 0.764705
0.180392 0.035294 0.772549
0.172549 0.035294 0.780392
0.164705 0.039215 0.788235
0.152941 0.039215 0.796078
0.141176 0.039215 0.807843
0.12549 0.039215 0.815686
0.105882 0.039215 0.82745
0.082352 0.039215 0.835294
0.074509 0.047058 0.835294
0.066666 0.058823 0.835294
0.062745 0.066666 0.831372
0.054901 0.074509 0.831372
0.05098 0.082352 0.82745
0.043137 0.090196 0.82745
0.039215 0.094117 0.823529
0.039215 0.10196 0.819607
0.039215 0.109803 0.815686
0.039215 0.113725 0.811764
0.039215 0.121568 0.807843
0.039215 0.12549 0.803921
0.039215 0.133333 0.8
0.039215 0.137254 0.796078
0.039215 0.141176 0.792156
0.039215 0.145098 0.788235
0.039215 0.152941 0.784313
0.039215 0.156862 0.780392
0.035294 0.160784 0.77647
0.035294 0.164705 0.768627
0.035294 0.168627 0.764705
0.035294 0.172549 0.760784
0.035294 0.17647 0.756862
0.035294 0.180392 0.752941
0.035294 0.184313 0.749019
0.035294 0.188235 0.745098
0.035294 0.192156 0.741176
0.035294 0.196078 0.737254
0.035294 0.2 0.733333
0.035294 0.2 0.729411
0.035294 0.203921 0.72549
0.035294 0.207843 0.721568
0.035294 0.211764 0.717647
0.035294 0.215686 0.713725
0.035294 0.215686 0.709803
0.035294 0.219607 0.705882
0.035294 0.223529 0.70196
0.035294 0.22745 0.694117
0.031372 0.22745 0.690196
0.031372 0.231372 0.686274
0.031372 0.235294 0.682352
0.031372 0.235294 0.678431
0.031372 0.239215 0.674509
0.031372 0.243137 0.670588
0.031372 0.243137 0.666666
0.031372 0.247058 0.666666
0.031372 0.25098 0.662745
0.031372 0.25098 0.658823
0.031372 0.254901 0.654901
0.031372 0.254901 0.65098
0.031372 0.258823 0.647058
0.031372 0.262745 0.643137
0.031372 0.262745 0.639215
0.031372 0.266666 0.635294
0.031372 0.266666 0.631372
0.031372 0.270588 0.62745
0.031372 0.270588 0.623529
0.031372 0.274509 0.619607
0.031372 0.278431 0.615686
0.031372 0.278431 0.615686
0.031372 0.282352 0.611764
0.02745 0.282352 0.607843
0.02745 0.286274 0.603921
0.02745 0.286274 0.6
0.02745 0.290196 0.596078
0.02745 0.290196 0.592156
0.02745 0.294117 0.592156
0.02745 0.294117 0.588235
0.02745 0.298039 0.584313
0.02745 0.298039 0.580392
0.02745 0.298039 0.57647
0.02745 0.30196 0.57647
0.02745 0.30196 0.572549
0.02745 0.305882 0.568627
0.02745 0.305882 0.564705
0.02745 0.309803 0.564705
0.02745 0.309803 0.560784
0.02745 0.313725 0.556862
0.02745 0.313725 0.552941
0.02745 0.313725 0.552941
0.02745 0.317647 0.549019
0.02745 0.317647 0.545098
0.02745 0.321568 0.541176
0.02745 0.321568 0.541176
0.02745 0.32549 0.537254
0.02745 0.32549 0.533333
0.02745 0.32549 0.533333
0.02745 0.329411 0.529411
0.023529 0.329411 0.52549
0.023529 0.333333 0.52549
0.023529 0.333333 0.521568
0.023529 0.333333 0.521568
0.023529 0.337254 0.517647
0.023529 0.337254 0.513725
0.023529 0.337254 0.513725
0.023529 0.341176 0.509803
0.023529 0.341176 0.509803
0.023529 0.345098 0.505882
0.023529 0.345098 0.50196
0.023529 0.345098 0.50196
0.023529 0.349019 0.498039
0.023529 0.349019 0.498039
0.023529 0.349019 0.494117
0.023529 0.352941 0.494117
0.023529 0.352941 0.490196
0.023529 0.356862 0.490196
0.023529 0.356862 0.486274
0.023529 0.356862 0.482352
0.023529 0.360784 0.482352
0.023529 0.360784 0.478431
0.023529 0.360784 0.478431
0.023529 0.364705 0.474509
0.023529 0.364705 0.474509
0.023529 0.364705 0.474509
0.023529 0.368627 0.470588
0.023529 0.368627 0.470588
0.023529 0.368627 0.466666
0.023529 0.372549 0.466666
0.023529 0.372549 0.462745
0.023529 0.372549 0.462745
0.023529 0.37647 0.458823
0.023529 0.37647 0.458823
0.023529 0.37647 0.454901
0.023529 0.380392 0.454901
0.023529 0.380392 0.454901
0.023529 0.380392 0.45098
0.019607 0.384313 0.45098
0.019607 0.384313 0.447058
0.019607 0.384313 0.447058
0.019607 0.388235 0.447058
0.023529 0.388235 0.443137
0.019607 0.388235 0.443137
0.019607 0.392156 0.443137
0.019607 0.392156 0.439215
0.019607 0.392156 0.439215
0.019607 0.396078 0.435294
0.019607 0.396078 0.435294
0.019607 0.396078 0.435294
0.019607 0.4 0.431372
0.019607 0.4 0.431372
0.019607 0.4 0.431372
0.019607 0.403921 0.42745
0.019607 0.403921 0.42745
0.019607 0.403921 0.42745
0.019607 0.403921 0.423529
0.019607 0.407843 0.423529
0.019607 0.407843 0.423529
0.019607 0.407843 0.419607
0.019607 0.411764 0.419607
0.019607 0.411764 0.419607
0.019607 0.411764 0.419607
0.019607 0.415686 0.415686
0.019607 0.415686 0.415686
0.019607 0.415686 0.415686
0.019607 0.419607 0.411764
0.019607 0.419607 0.411764
0.019607 0.419607 0.411764
0.019607 0.423529 0.411764
0.019607 0.423529 0.407843
0.019607 0.423529 0.407843
0.019607 0.423529 0.407843
0.019607 0.42745 0.403921
0.019607 0.42745 0.403921
0.019607 0.42745 0.403921
0.019607 0.431372 0.4
0.019607 0.431372 0.4
0.019607 0.431372 0.4
0.019607 0.435294 0.4
0.019607 0.435294 0.396078
0.019607 0.435294 0.396078
0.019607 0.439215 0.396078
0.019607 0.439215 0.392156
0.019607 0.439215 0.392156
0.019607 0.439215 0.392156
0.019607 0.443137 0.388235
0.019607 0.443137 0.388235
0.023529 0.443137 0.388235
0.019607 0.447058 0.384313
0.019607 0.447058 0.384313
0.023529 0.447058 0.384313
0.023529 0.45098 0.380392
0.019607 0.45098 0.380392
0.023529 0.45098 0.380392
0.023529 0.454901 0.37647
0.023529 0.454901 0.37647
0.023529 0.454901 0.37647
0.023529 0.454901 0.372549
0.023529 0.458823 0.372549
0.023529 0.458823 0.372549
0.023529 0.458823 0.368627
0.023529 0.462745 0.368627
0.023529 0.462745 0.368627
0.023529 0.462745 0.364705
0.023529 0.466666 0.364705
0.023529 0.466666 0.364705
0.023529 0.466666 0.360784
0.023529 0.470588 0.360784
0.023529 0.470588 0.360784
0.023529 0.470588 0.356862
0.023529 0.470588 0.356862
0.023529 0.474509 0.356862
0.023529 0.474509 0.352941
0.023529 0.474509 0.352941
0.023529 0.478431 0.352941
0.023529 0.478431 0.349019
0.023529 0.478431 0.349019
0.023529 0.482352 0.345098
0.023529 0.482352 0.345098
0.023529 0.482352 0.345098
0.023529 0.482352 0.341176
0.023529 0.486274 0.341176
0.023529 0.486274 0.341176
0.023529 0.486274 0.337254
0.023529 0.490196 0.337254
0.023529 0.490196 0.337254
0.023529 0.490196 0.333333
0.023529 0.494117 0.333333
0.023529 0.494117 0.329411
0.023529 0.494117 0.329411
0.023529 0.498039 0.329411
0.023529 0.498039 0.32549
0.023529 0.498039 0.32549
0.023529 0.498039 0.321568
0.023529 0.50196 0.321568
0.023529 0.50196 0.321568
0.023529 0.50196 0.317647
0.023529 0.505882 0.317647
0.023529 0.505882 0.313725
0.023529 0.505882 0.313725
0.023529 0.509803 0.313725
0.023529 0.509803 0.309803
0.023529 0.509803 0.309803
0.023529 0.509803 0.305882
0.023529 0.513725 0.305882
0.023529 0.513725 0.305882
0.023529 0.513725 0.30196
0.023529 0.517647 0.30196
0.023529 0.517647 0.298039
0.023529 0.517647 0.298039
0.02745 0.521568 0.298039
0.02745 0.521568 0.294117
0.023529 0.521568 0.294117
0.023529 0.52549 0.290196
0.023529 0.52549 0.290196
0.023529 0.52549 0.286274
0.023529 0.52549 0.286274
0.02745 0.529411 0.286274
0.02745 0.529411 0.282352
0.02745 0.529411 0.282352
0.02745 0.533333 0.278431
0.02745 0.533333 0.278431
0.02745 0.533333 0.274509
0.02745 0.537254 0.274509
0.02745 0.537254 0.270588
0.02745 0.537254 0.270588
0.02745 0.537254 0.270588
0.02745 0.541176 0.266666
0.02745 0.541176 0.266666
0.02745 0.541176 0.262745
0.02745 0.545098 0.262745
0.02745 0.545098 0.258823
0.02745 0.545098 0.258823
0.02745 0.549019 0.254901
0.02745 0.549019 0.254901
0.02745 0.549019 0.25098
0.02745 0.549019 0.25098
0.02745 0.552941 0.247058
0.02745 0.552941 0.247058
0.02745 0.552941 0.247058
0.02745 0.556862 0.243137
0.02745 0.556862 0.243137
0.02745 0.556862 0.239215
0.02745 0.560784 0.239215
0.02745 0.560784 0.235294
0.02745 0.560784 0.235294
0.02745 0.560784 0.231372
0.02745 0.564705 0.231372
0.02745 0.564705 0.22745
0.02745 0.564705 0.22745
0.02745 0.568627 0.223529
0.02745 0.568627 0.223529
0.02745 0.568627 0.219607
0.02745 0.572549 0.219607
0.02745 0.572549 0.215686
0.02745 0.572549 0.215686
0.02745 0.572549 0.211764
0.02745 0.57647 0.211764
0.02745 0.57647 0.207843
0.02745 0.57647 0.207843
0.02745 0.580392 0.203921
0.02745 0.580392 0.203921
0.02745 0.580392 0.2
0.02745 0.584313 0.2
0.02745 0.584313 0.196078
0.02745 0.584313 0.196078
0.02745 0.584313 0.192156
0.02745 0.588235 0.192156
0.02745 0.588235 0.188235
0.02745 0.588235 0.188235
0.02745 0.592156 0.184313
0.02745 0.592156 0.184313
0.02745 0.592156 0.180392
0.02745 0.596078 0.180392
0.02745 0.596078 0.17647
0.02745 0.596078 0.17647
0.02745 0.596078 0.172549
0.02745 0.6 0.172549
0.02745 0.6 0.168627
0.02745 0.6 0.168627
0.031372 0.603921 0.164705
0.031372 0.603921 0.164705
0.02745 0.603921 0.160784
0.02745 0.607843 0.160784
0.02745 0.607843 0.156862
0.031372 0.607843 0.156862
0.031372 0.607843 0.152941
0.02745 0.611764 0.152941
0.031372 0.611764 0.152941
0.031372 0.611764 0.149019
0.031372 0.615686 0.149019
0.02745 0.615686 0.145098
0.031372 0.615686 0.145098
0.031372 0.619607 0.141176
0.031372 0.619607 0.141176
0.031372 0.619607 0.137254
0.031372 0.619607 0.137254
0.031372 0.623529 0.137254
0.031372 0.623529 0.133333
0.031372 0.623529 0.133333
0.031372 0.62745 0.129411
0.031372 0.62745 0.129411
0.031372 0.62745 0.129411
0.031372 0.62745 0.12549
0.031372 0.631372 0.12549
0.031372 0.631372 0.12549
0.031372 0.631372 0.121568
0.031372 0.635294 0.121568
0.031372 0.635294 0.121568
0.031372 0.635294 0.117647
0.031372 0.639215 0.117647
0.031372 0.639215 0.117647
0.031372 0.639215 0.113725
0.031372 0.639215 0.113725
0.031372 0.643137 0.113725
0.031372 0.643137 0.113725
0.031372 0.643137 0.109803
0.031372 0.647058 0.109803
0.031372 0.647058 0.109803
0.031372 0.647058 0.109803
0.031372 0.65098 0.109803
0.031372 0.65098 0.109803
0.031372 0.65098 0.105882
0.031372 0.65098 0.105882
0.031372 0.654901 0.105882
0.031372 0.654901 0.105882
0.031372 0.654901 0.105882
0.031372 0.658823 0.105882
0.031372 0.658823 0.10196
0.031372 0.658823 0.10196
0.031372 0.658823 0.10196
0.031372 0.662745 0.10196
0.031372 0.662745 0.10196
0.031372 0.662745 0.10196
0.031372 0.666666 0.10196
0.031372 0.666666 0.10196
0.031372 0.666666 0.10196
0.031372 0.670588 0.10196
0.031372 0.670588 0.10196
0.031372 0.670588 0.10196
0.031372 0.670588 0.098039
0.031372 0.674509 0.098039
0.031372 0.674509 0.098039
0.031372 0.674509 0.098039
0.031372 0.678431 0.098039
0.031372 0.678431 0.098039
0.031372 0.678431 0.094117
0.035294 0.678431 0.094117
0.031372 0.682352 0.094117
0.031372 0.682352 0.094117
0.031372 0.682352 0.094117
0.035294 0.686274 0.090196
0.035294 0.686274 0.090196
0.035294 0.686274 0.090196
0.035294 0.690196 0.086274
0.031372 0.690196 0.086274
0.035294 0.690196 0.086274
0.031372 0.690196 0.082352
0.031372 0.694117 0.082352
0.031372 0.694117 0.078431
0.031372 0.694117 0.078431
0.035294 0.698039 0.074509
0.035294 0.698039 0.074509
0.035294 0.698039 0.070588
0.035294 0.70196 0.066666
0.035294 0.70196 0.066666
0.035294 0.70196 0.062745
0.035294 0.70196 0.058823
0.035294 0.705882 0.058823
0.035294 0.705882 0.054901
0.035294 0.705882 0.05098
0.035294 0.709803 0.043137
0.035294 0.709803 0.039215
0.035294 0.709803 0.035294
0.043137 0.713725 0.035294
0.05098 0.713725 0.035294
0.058823 0.713725 0.035294
0.066666 0.713725 0.035294
0.074509 0.717647 0.035294
0.082352 0.717647 0.035294
0.086274 0.717647 0.035294
0.094117 0.717647 0.035294
0.10196 0.721568 0.035294
0.105882 0.721568 0.035294
0.113725 0.721568 0.035294
0.117647 0.721568 0.035294
0.121568 0.72549 0.035294
0.129411 0.72549 0.035294
0.133333 0.72549 0.035294
0.141176 0.72549 0.035294
0.145098 0.729411 0.035294
0.149019 0.729411 0.035294
0.156862 0.729411 0.035294
0.160784 0.729411 0.035294
0.164705 0.729411 0.035294
0.168627 0.733333 0.035294
0.17647 0.733333 0.035294
0.180392 0.733333 0.035294
0.184313 0.733333 0.035294
0.188235 0.737254 0.035294
0.196078 0.737254 0.035294
0.2 0.737254 0.035294
0.203921 0.737254 0.035294
0.207843 0.741176 0.035294
0.211764 0.741176 0.035294
0.219607 0.741176 0.035294
0.223529 0.741176 0.035294
0.22745 0.741176 0.035294
0.231372 0.745098 0.035294
0.235294 0.745098 0.035294
0.243137 0.745098 0.035294
0.247058 0.745098 0.035294
0.25098 0.749019 0.035294
0.254901 0.749019 0.035294
0.258823 0.749019 0.035294
0.262745 0.749019 0.035294
0.266666 0.749019 0.035294
0.274509 0.752941 0.035294
0.278431 0.752941 0.035294
0.282352 0.752941 0.035294
0.286274 0.752941 0.035294
0.290196 0.752941 0.035294
0.294117 0.756862 0.035294
0.298039 0.756862 0.035294
0.305882 0.756862 0.035294
0.309803 0.756862 0.035294
0.313725 0.756862 0.035294
0.317647 0.760784 0.035294
0.321568 0.760784 0.035294
0.32549 0.760784 0.035294
0.329411 0.760784 0.035294
0.333333 0.760784 0.035294
0.341176 0.764705 0.035294
0.345098 0.764705 0.035294
0.349019 0.764705 0.035294
0.352941 0.764705 0.035294
0.356862 0.764705 0.035294
0.360784 0.764705 0.035294
0.364705 0.768627 0.039215
0.368627 0.768627 0.035294
0.37647 0.768627 0.035294
0.380392 0.768627 0.035294
0.384313 0.768627 0.035294
0.388235 0.768627 0.039215
0.392156 0.772549 0.035294
0.396078 0.772549 0.035294
0.4 0.772549 0.039215
0.403921 0.772549 0.039215
0.407843 0.772549 0.035294
0.411764 0.772549 0.039215
0.419607 0.77647 0.039215
0.423529 0.77647 0.039215
0.42745 0.77647 0.035294
0.431372 0.77647 0.039215
0.435294 0.77647 0.039215
0.439215 0.77647 0.039215
0.443137 0.780392 0.039215
0.447058 0.780392 0.039215
0.45098 0.780392 0.039215
0.458823 0.780392 0.035294
0.462745 0.780392 0.039215
0.466666 0.780392 0.039215
0.470588 0.780392 0.039215
0.474509 0.784313 0.039215
0.478431 0.784313 0.039215
0.482352 0.784313 0.039215
0.486274 0.784313 0.039215
0.490196 0.784313 0.039215
0.494117 0.784313 0.039215
0.498039 0.784313 0.039215
0.505882 0.788235 0.039215
0.509803 0.788235 0.039215
0.513725 0.788235 0.039215
0.517647 0.788235 0.039215
0.521568 0.788235 0.039215
0.52549 0.788235 0.039215
0.529411 0.788235 0.039215
0.533333 0.788235 0.039215
0.537254 0.792156 0.039215
0.541176 0.792156 0.039215
0.549019 0.792156 0.039215
0.552941 0.792156 0.039215
0.556862 0.792156 0.039215
0.560784 0.792156 0.039215
0.564705 0.792156 0.039215
0.568627 0.792156 0.039215
0.572549 0.796078 0.039215
0.57647 0.796078 0.039215
0.580392 0.796078 0.039215
0.584313 0.796078 0.039215
0.588235 0.796078 0.039215
0.596078 0.796078 0.039215
0.6 0.796078 0.039215
0.603921 0.796078 0.039215
0.607843 0.796078 0.039215
0.611764 0.796078 0.039215
0.615686 0.8 0.039215
0.619607 0.8 0.039215
0.623529 0.8 0.039215
0.62745 0.8 0.039215
0.631372 0.8 0.039215
0.635294 0.8 0.039215
0.639215 0.8 0.039215
0.647058 0.8 0.039215
0.65098 0.8 0.039215
0.654901 0.8 0.039215
0.658823 0.803921 0.039215
0.662745 0.803921 0.039215
0.666666 0.803921 0.039215
0.670588 0.803921 0.039215
0.674509 0.803921 0.039215
0.678431 0.803921 0.039215
0.682352 0.803921 0.039215
0.686274 0.803921 0.039215
0.690196 0.803921 0.039215
0.694117 0.803921 0.039215
0.698039 0.803921 0.039215
0.705882 0.803921 0.039215
0.709803 0.803921 0.039215
0.713725 0.807843 0.039215
0.717647 0.807843 0.039215
0.721568 0.807843 0.039215
0.72549 0.807843 0.039215
0.729411 0.807843 0.039215
0.733333 0.807843 0.039215
0.737254 0.807843 0.039215
0.741176 0.807843 0.039215
0.745098 0.807843 0.039215
0.749019 0.807843 0.039215
0.752941 0.807843 0.039215
0.756862 0.807843 0.039215
0.760784 0.807843 0.039215
0.764705 0.807843 0.039215
0.772549 0.807843 0.039215
0.77647 0.807843 0.039215
0.780392 0.807843 0.039215
0.784313 0.807843 0.039215
0.788235 0.811764 0.039215
0.792156 0.811764 0.039215
0.796078 0.811764 0.039215
0.8 0.811764 0.039215
0.803921 0.811764 0.039215
0.807843 0.811764 0.039215
0.811764 0.811764 0.039215
0.819607 0.811764 0.039215
0.823529 0.811764 0.039215
0.82745 0.811764 0.039215
0.831372 0.811764 0.039215
0.835294 0.811764 0.039215
0.839215 0.811764 0.039215
0.843137 0.811764 0.039215
0.85098 0.811764 0.043137
0.854901 0.811764 0.043137
0.858823 0.811764 0.043137
0.862745 0.811764 0.043137
0.866666 0.811764 0.043137
0.874509 0.807843 0.043137
0.878431 0.807843 0.043137
0.882352 0.807843 0.043137
0.886274 0.807843 0.043137
0.894117 0.807843 0.043137
0.898039 0.807843 0.043137
0.90196 0.807843 0.043137
0.905882 0.807843 0.043137
0.913725 0.807843 0.043137
0.917647 0.807843 0.043137
0.921568 0.807843 0.043137
0.929411 0.807843 0.043137
0.933333 0.807843 0.043137
0.937254 0.807843 0.043137
0.941176 0.803921 0.047058
0.949019 0.803921 0.047058
0.952941 0.803921 0.047058
0.956862 0.803921 0.098039
0.960784 0.803921 0.152941
0.960784 0.803921 0.2
0.964705 0.803921 0.235294
0.964705 0.803921 0.266666
0.964705 0.803921 0.294117
0.968627 0.803921 0.321568
0.968627 0.807843 0.345098
0.968627 0.807843 0.364705
0.972549 0.807843 0.384313
0.972549 0.807843 0.4
0.972549 0.807843 0.419607
0.972549 0.807843 0.435294
0.972549 0.811764 0.447058
0.972549 0.811764 0.462745
0.97647 0.811764 0.474509
0.97647 0.811764 0.486274
0.97647 0.811764 0.498039
0.97647 0.815686 0.509803
0.97647 0.815686 0.521568
0.97647 0.815686 0.533333
0.97647 0.815686 0.541176
0.980392 0.815686 0.552941
0.980392 0.819607 0.560784
0.980392 0.819607 0.568627
0.980392 0.819607 0.57647
0.980392 0.819607 0.588235
0.980392 0.823529 0.596078
0.980392 0.823529 0.603921
0.980392 0.823529 0.607843
0.980392 0.823529 0.615686
0.980392 0.82745 0.623529
0.980392 0.82745 0.631372
0.984313 0.82745 0.635294
0.984313 0.831372 0.643137
0.984313 0.831372 0.65098
0.984313 0.831372 0.654901
0.984313 0.831372 0.662745
0.984313 0.835294 0.666666
0.984313 0.835294 0.674509
0.984313 0.835294 0.678431
0.984313 0.835294 0.682352
0.984313 0.839215 0.690196
0.984313 0.839215 0.694117
0.984313 0.839215 0.698039
0.984313 0.843137 0.705882
0.984313 0.843137 0.709803
0.988235 0.843137 0.713725
0.988235 0.847058 0.717647
0.988235 0.847058 0.721568
0.988235 0.847058 0.72549
0.988235 0.847058 0.729411
0.988235 0.85098 0.737254
0.988235 0.85098 0.741176
0.988235 0.85098 0.745098
0.988235 0.854901 0.749019
0.988235 0.854901 0.752941
0.988235 0.854901 0.756862
0.988235 0.858823 0.760784
0.988235 0.858823 0.764705
0.988235 0.858823 0.768627
0.988235 0.862745 0.768627
0.988235 0.862745 0.772549
0.988235 0.862745 0.77647
0.988235 0.866666 0.780392
0.988235 0.866666 0.784313
0.988235 0.866666 0.788235
0.988235 0.870588 0.792156
0.988235 0.870588 0.792156
0.992156 0.870588 0.796078
0.992156 0.874509 0.8
0.992156 0.874509 0.803921
0.992156 0.874509 0.807843
0.992156 0.874509 0.807843
0.992156 0.878431 0.811764
0.992156 0.878431 0.815686
0.992156 0.878431 0.819607
0.992156 0.882352 0.819607
0.992156 0.882352 0.823529
0.992156 0.882352 0.82745
0.992156 0.886274 0.831372
0.992156 0.886274 0.831372
0.992156 0.886274 0.835294
0.992156 0.890196 0.839215
0.992156 0.890196 0.839215
0.992156 0.894117 0.843137
0.992156 0.894117 0.847058
0.992156 0.894117 0.847058
0.992156 0.898039 0.85098
0.992156 0.898039 0.85098
0.992156 0.898039 0.854901
0.992156 0.90196 0.858823
0.992156 0.90196 0.858823
0.992156 0.90196 0.862745
0.992156 0.905882 0.866666
0.992156 0.905882 0.866666
0.992156 0.905882 0.870588
0.992156 0.909803 0.870588
0.992156 0.909803 0.874509
0.992156 0.909803 0.874509
0.996078 0.913725 0.878431
0.996078 0.913725 0.882352
0.996078 0.913725 0.882352
0.996078 0.917647 0.886274
0.996078 0.917647 0.886274
0.996078 0.917647 0.890196
0.996078 0.921568 0.890196
0.996078 0.921568 0.894117
0.996078 0.921568 0.894117
0.996078 0.92549 0.898039
0.996078 0.92549 0.90196
0.996078 0.92549 0.90196
0.996078 0.929411 0.905882
0.996078 0.929411 0.905882
0.996078 0.929411 0.909803
0.996078 0.933333 0.909803
0.996078 0.933333 0.913725
0.996078 0.937254 0.913725
0.996078 0.937254 0.917647
0.996078 0.937254 0.917647
0.996078 0.941176 0.921568
0.996078 0.941176 0.921568
0.996078 0.941176 0.92549
0.996078 0.945098 0.92549
0.996078 0.945098 0.929411
0.996078 0.945098 0.929411
0.996078 0.949019 0.933333
0.996078 0.949019 0.933333
0.996078 0.949019 0.937254
0.996078 0.952941 0.937254
0.996078 0.952941 0.941176
0.996078 0.952941 0.941176
0.996078 0.956862 0.941176
0.996078 0.956862 0.945098
0.996078 0.956862 0.945098
0.996078 0.960784 0.949019
0.996078 0.960784 0.949019
0.996078 0.964705 0.952941
0.996078 0.964705 0.952941
0.996078 0.964705 0.956862
0.996078 0.968627 0.956862
0.996078 0.968627 0.960784
0.996078 0.968627 0.960784
1.0 0.972549 0.964705
1.0 0.972549 0.964705
1.0 0.972549 0.968627
1.0 0.97647 0.968627
1.0 0.97647 0.968627
1.0 0.97647 0.972549
1.0 0.980392 0.972549
1.0 0.980392 0.97647
1.0 0.980392 0.97647
1.0 0.984313 0.980392
1.0 0.984313 0.980392
1.0 0.984313 0.984313
1.0 0.988235 0.984313
1.0 0.988235 0.984313
1.0 0.992156 0.988235
1.0 0.992156 0.988235
1.0 0.992156 0.992156
1.0 0.996078 0.992156
1.0 0.996078 0.996078
1.0 0.996078 0.996078
1.0 1.0 1.0
1.0 1.0 1.0
