4 2 2
4 2 2
4 2 2
8 2 2
8 2 2
8 2 2
8 2 2
11 3 3
11 3 3
11 3 3
11 3 3
11 3 3
14 4 4
14 4 4
14 4 4
14 4 4
17 5 5
17 5 5
17 5 5
17 5 5
19 6 6
19 6 6
19 6 6
19 6 6
22 6 6
22 6 6
22 6 6
22 6 6
24 7 7
24 7 7
24 7 7
24 7 7
27 7 7
27 7 7
27 7 7
27 7 7
27 7 7
29 7 7
29 7 7
29 7 7
29 7 7
31 8 8
31 8 8
31 8 8
31 8 8
34 8 8
34 8 8
34 8 8
34 8 8
36 8 8
36 8 8
36 8 8
36 8 8
39 7 8
39 7 8
39 7 8
39 7 8
39 7 8
42 6 7
42 6 7
42 6 7
42 6 7
45 5 7
45 5 7
45 5 7
45 5 7
48 4 6
48 4 6
48 4 6
48 4 6
50 3 6
50 3 6
50 3 6
50 3 6
53 2 5
53 2 5
53 2 5
53 2 5
55 1 4
55 1 4
55 1 4
55 1 4
55 1 4
57 1 3
57 1 3
57 1 3
57 1 3
59 0 2
59 0 2
59 0 2
59 0 2
61 0 1
61 0 1
61 0 1
61 0 1
63 0 0
63 0 0
63 0 0
63 0 0
65 0 0
65 0 0
65 0 0
65 0 0
65 0 0
67 0 0
67 0 0
67 0 0
67 0 0
69 0 0
69 0 0
69 0 0
69 0 0
71 0 0
71 0 0
71 0 0
71 0 0
73 0 0
73 0 0
73 0 0
73 0 0
75 1 0
75 1 0
75 1 0
75 1 0
75 1 0
77 1 0
77 1 0
77 1 0
77 1 0
79 1 0
79 1 0
79 1 0
79 1 0
81 1 0
81 1 0
81 1 0
81 1 0
83 1 0
83 1 0
83 1 0
83 1 0
85 1 0
85 1 0
85 1 0
85 1 0
87 1 0
87 1 0
87 1 0
87 1 0
87 1 0
89 1 0
89 1 0
89 1 0
89 1 0
91 1 0
91 1 0
91 1 0
91 1 0
93 1 0
93 1 0
93 1 0
93 1 0
95 1 0
95 1 0
95 1 0
95 1 0
97 0 0
97 0 0
97 0 0
97 0 0
97 0 0
99 0 0
99 0 0
99 0 0
99 0 0
101 0 0
101 0 0
101 0 0
101 0 0
103 0 0
103 0 0
103 0 0
103 0 0
104 0 0
104 0 0
104 0 0
104 0 0
106 0 0
106 0 0
106 0 0
106 0 0
108 0 0
108 0 0
108 0 0
108 0 0
108 0 0
110 0 0
110 0 0
110 0 0
110 0 0
112 0 1
112 0 1
112 0 1
112 0 1
114 0 2
114 0 2
114 0 2
114 0 2
116 0 2
116 0 2
116 0 2
116 0 2
118 0 3
118 0 3
118 0 3
118 0 3
118 0 3
120 0 4
120 0 4
120 0 4
120 0 4
122 0 5
122 0 5
122 0 5
122 0 5
124 0 6
124 0 6
124 0 6
124 0 6
126 0 7
126 0 7
126 0 7
126 0 7
128 0 8
128 0 8
128 0 8
128 0 8
130 0 10
130 0 10
130 0 10
130 0 10
130 0 10
132 0 11
132 0 11
132 0 11
132 0 11
134 0 12
134 0 12
134 0 12
134 0 12
136 0 13
136 0 13
136 0 13
136 0 13
138 0 14
138 0 14
138 0 14
138 0 14
140 0 15
140 0 15
140 0 15
140 0 15
140 0 15
142 0 16
142 0 16
142 0 16
142 0 16
144 0 17
144 0 17
144 0 17
144 0 17
146 0 18
146 0 18
146 0 18
146 0 18
148 0 19
148 0 19
148 0 19
148 0 19
150 0 20
150 0 20
150 0 20
150 0 20
152 0 21
152 0 21
152 0 21
152 0 21
152 0 21
154 0 22
154 0 22
154 0 22
154 0 22
156 0 23
156 0 23
156 0 23
156 0 23
158 0 24
158 0 24
158 0 24
158 0 24
160 0 25
160 0 25
160 0 25
160 0 25
162 0 26
162 0 26
162 0 26
162 0 26
162 0 26
164 0 27
164 0 27
164 0 27
164 0 27
166 0 28
166 0 28
166 0 28
166 0 28
168 0 29
168 0 29
168 0 29
168 0 29
170 0 30
170 0 30
170 0 30
170 0 30
172 0 31
172 0 31
172 0 31
172 0 31
172 0 31
174 0 32
174 0 32
174 0 32
174 0 32
176 0 33
176 0 33
176 0 33
176 0 33
178 0 33
178 0 33
178 0 33
178 0 33
180 0 34
180 0 34
180 0 34
180 0 34
182 0 35
182 0 35
182 0 35
182 0 35
184 0 36
184 0 36
184 0 36
184 0 36
184 0 36
186 0 37
186 0 37
186 0 37
186 0 37
188 0 38
188 0 38
188 0 38
188 0 38
191 0 38
191 0 38
191 0 38
191 0 38
193 0 39
193 0 39
193 0 39
193 0 39
195 0 40
195 0 40
195 0 40
195 0 40
195 0 40
197 0 41
197 0 41
197 0 41
197 0 41
199 0 42
199 0 42
199 0 42
199 0 42
201 0 42
201 0 42
201 0 42
201 0 42
203 0 43
203 0 43
203 0 43
203 0 43
205 0 44
205 0 44
205 0 44
205 0 44
207 0 45
207 0 45
207 0 45
207 0 45
207 0 45
208 0 44
208 0 44
208 0 44
208 0 44
209 0 44
209 0 44
209 0 44
209 0 44
210 0 43
210 0 43
210 0 43
210 0 43
211 0 42
211 0 42
211 0 42
211 0 42
212 0 41
212 0 41
212 0 41
212 0 41
212 0 41
212 0 40
212 0 40
212 0 40
212 0 40
213 0 39
213 0 39
213 0 39
213 0 39
214 0 38
214 0 38
214 0 38
214 0 38
215 0 37
215 0 37
215 0 37
215 0 37
215 0 35
215 0 35
215 0 35
215 0 35
216 0 33
216 0 33
216 0 33
216 0 33
216 0 33
217 0 31
217 0 31
217 0 31
217 0 31
217 0 29
217 0 29
217 0 29
217 0 29
218 0 26
218 0 26
218 0 26
218 0 26
218 0 22
218 0 22
218 0 22
218 0 22
218 0 18
218 0 18
218 0 18
218 0 18
218 0 18
219 0 13
219 0 13
219 0 13
219 0 13
219 0 5
219 0 5
219 0 5
219 0 5
219 0 0
219 0 0
219 0 0
219 0 0
220 10 0
220 10 0
220 10 0
220 10 0
220 17 0
220 17 0
220 17 0
220 17 0
221 23 0
221 23 0
221 23 0
221 23 0
221 23 0
221 28 0
221 28 0
221 28 0
221 28 0
222 33 0
222 33 0
222 33 0
222 33 0
222 37 0
222 37 0
222 37 0
222 37 0
222 41 0
222 41 0
222 41 0
222 41 0
222 44 0
222 44 0
222 44 0
222 44 0
222 44 0
223 48 0
223 48 0
223 48 0
223 48 0
223 51 0
223 51 0
223 51 0
223 51 0
223 54 0
223 54 0
223 54 0
223 54 0
223 58 0
223 58 0
223 58 0
223 58 0
223 61 0
223 61 0
223 61 0
223 61 0
223 61 0
223 64 0
223 64 0
223 64 0
223 64 0
223 67 0
223 67 0
223 67 0
223 67 0
223 69 0
223 69 0
223 69 0
223 69 0
223 72 0
223 72 0
223 72 0
223 72 0
223 75 0
223 75 0
223 75 0
223 75 0
223 78 0
223 78 0
223 78 0
223 78 0
223 78 0
223 80 0
223 80 0
223 80 0
223 80 0
223 83 0
223 83 0
223 83 0
223 83 0
223 86 0
223 86 0
223 86 0
223 86 0
223 88 0
223 88 0
223 88 0
223 88 0
223 91 0
223 91 0
223 91 0
223 91 0
223 91 0
222 93 0
222 93 0
222 93 0
222 93 0
222 96 0
222 96 0
222 96 0
222 96 0
222 98 0
222 98 0
222 98 0
222 98 0
222 100 0
222 100 0
222 100 0
222 100 0
221 103 0
221 103 0
221 103 0
221 103 0
221 105 0
221 105 0
221 105 0
221 105 0
221 105 0
220 107 0
220 107 0
220 107 0
220 107 0
220 110 0
220 110 0
220 110 0
220 110 0
220 112 0
220 112 0
220 112 0
220 112 0
219 114 0
219 114 0
219 114 0
219 114 0
219 117 0
219 117 0
219 117 0
219 117 0
219 117 0
218 119 0
218 119 0
218 119 0
218 119 0
218 121 0
218 121 0
218 121 0
218 121 0
218 123 0
218 123 0
218 123 0
218 123 0
217 125 0
217 125 0
217 125 0
217 125 0
217 128 0
217 128 0
217 128 0
217 128 0
216 130 0
216 130 0
216 130 0
216 130 0
216 130 0
216 132 0
216 132 0
216 132 0
216 132 0
215 134 0
215 134 0
215 134 0
215 134 0
214 136 0
214 136 0
214 136 0
214 136 0
214 138 0
214 138 0
214 138 0
214 138 0
213 140 0
213 140 0
213 140 0
213 140 0
213 140 0
213 142 0
213 142 0
213 142 0
213 142 0
212 144 0
212 144 0
212 144 0
212 144 0
212 146 0
212 146 0
212 146 0
212 146 0
211 148 0
211 148 0
211 148 0
211 148 0
210 150 0
210 150 0
210 150 0
210 150 0
210 152 0
210 152 0
210 152 0
210 152 0
210 152 0
209 154 0
209 154 0
209 154 0
209 154 0
209 156 0
209 156 0
209 156 0
209 156 0
208 158 0
208 158 0
208 158 0
208 158 0
207 160 0
207 160 0
207 160 0
207 160 0
207 162 0
207 162 0
207 162 0
207 162 0
207 162 0
206 164 0
206 164 0
206 164 0
206 164 0
205 166 0
205 166 0
205 166 0
205 166 0
205 168 0
205 168 0
205 168 0
205 168 0
204 169 0
204 169 0
204 169 0
204 169 0
203 171 0
203 171 0
203 171 0
203 171 0
203 171 0
203 173 0
203 173 0
203 173 0
203 173 0
202 175 0
202 175 0
202 175 0
202 175 0
201 177 0
201 177 0
201 177 0
201 177 0
201 179 0
201 179 0
201 179 0
201 179 0
200 180 0
200 180 0
200 180 0
200 180 0
199 182 0
199 182 0
199 182 0
199 182 0
199 182 0
198 184 0
198 184 0
198 184 0
198 184 0
198 186 0
198 186 0
198 186 0
198 186 0
197 188 0
197 188 0
197 188 0
197 188 0
196 189 0
196 189 0
196 189 0
196 189 0
196 191 0
196 191 0
196 191 0
196 191 0
196 191 0
195 193 0
195 193 0
195 193 0
195 193 0
194 195 0
194 195 0
194 195 0
194 195 0
193 197 0
193 197 0
193 197 0
193 197 0
193 198 0
193 198 0
193 198 0
193 198 0
194 199 0
194 199 0
194 199 0
194 199 0
195 200 0
195 200 0
195 200 0
195 200 0
195 200 0
196 201 0
196 201 0
196 201 0
196 201 0
197 202 0
197 202 0
197 202 0
197 202 0
198 203 0
198 203 0
198 203 0
198 203 0
199 204 0
199 204 0
199 204 0
199 204 0
200 204 0
200 204 0
200 204 0
200 204 0
200 204 0
201 205 0
201 205 0
201 205 0
201 205 0
201 206 0
201 206 0
201 206 0
201 206 0
202 207 0
202 207 0
202 207 0
202 207 0
203 207 0
203 207 0
203 207 0
203 207 0
204 208 0
204 208 0
204 208 0
204 208 0
205 208 0
205 208 0
205 208 0
205 208 0
205 208 0
205 209 0
205 209 0
205 209 0
205 209 0
206 209 0
206 209 0
206 209 0
206 209 0
206 210 0
206 210 0
206 210 0
206 210 0
207 210 0
207 210 0
207 210 0
207 210 0
207 210 0
207 210 0
207 210 0
207 210 0
207 210 0
208 211 16
208 211 16
208 211 16
208 211 16
210 212 27
210 212 27
210 212 27
210 212 27
211 213 35
211 213 35
211 213 35
211 213 35
212 214 43
212 214 43
212 214 43
212 214 43
213 215 49
213 215 49
213 215 49
213 215 49
214 216 55
214 216 55
214 216 55
214 216 55
214 216 55
215 217 61
215 217 61
215 217 61
215 217 61
217 218 67
217 218 67
217 218 67
217 218 67
218 219 72
218 219 72
218 219 72
218 219 72
219 220 78
219 220 78
219 220 78
219 220 78
220 221 83
220 221 83
220 221 83
220 221 83
220 221 83
221 222 88
221 222 88
221 222 88
221 222 88
222 223 93
222 223 93
222 223 93
222 223 93
223 224 98
223 224 98
223 224 98
223 224 98
224 225 103
224 225 103
224 225 103
224 225 103
225 226 108
225 226 108
225 226 108
225 226 108
226 227 113
226 227 113
226 227 113
226 227 113
226 227 113
227 228 118
227 228 118
227 228 118
227 228 118
228 229 123
228 229 123
228 229 123
228 229 123
229 230 128
229 230 128
229 230 128
229 230 128
231 231 133
231 231 133
231 231 133
231 231 133
232 232 138
232 232 138
232 232 138
232 232 138
232 232 138
233 233 143
233 233 143
233 233 143
233 233 143
234 234 147
234 234 147
234 234 147
234 234 147
235 235 152
235 235 152
235 235 152
235 235 152
235 236 157
235 236 157
235 236 157
235 236 157
236 237 162
236 237 162
236 237 162
236 237 162
236 237 162
237 238 167
237 238 167
237 238 167
237 238 167
238 239 172
238 239 172
238 239 172
238 239 172
239 239 176
239 239 176
239 239 176
239 239 176
240 240 181
240 240 181
240 240 181
240 240 181
241 241 186
241 241 186
241 241 186
241 241 186
242 242 191
242 242 191
242 242 191
242 242 191
242 242 191
243 243 196
243 243 196
243 243 196
243 243 196
244 244 200
244 244 200
244 244 200
244 244 200
245 245 205
245 245 205
245 245 205
245 245 205
246 246 210
246 246 210
246 246 210
246 246 210
247 247 215
247 247 215
247 247 215
247 247 215
247 247 215
248 248 220
248 248 220
248 248 220
248 248 220
248 248 225
248 248 225
248 248 225
248 248 225
249 249 229
249 249 229
249 249 229
249 249 229
250 250 234
250 250 234
250 250 234
250 250 234
251 251 239
251 251 239
251 251 239
251 251 239
252 252 244
252 252 244
252 252 244
252 252 244
252 252 244
253 253 249
253 253 249
253 253 249
253 253 249
254 254 254
254 254 254