0.011764 0.011764 0.007843
0.011764 0.011764 0.007843
0.011764 0.011764 0.007843
0.019607 0.019607 0.007843
0.019607 0.019607 0.007843
0.019607 0.019607 0.007843
0.019607 0.019607 0.007843
0.031372 0.02745 0.011764
0.031372 0.02745 0.011764
0.031372 0.02745 0.011764
0.031372 0.02745 0.011764
0.031372 0.02745 0.011764
0.039215 0.035294 0.011764
0.039215 0.035294 0.011764
0.039215 0.035294 0.011764
0.039215 0.035294 0.011764
0.047058 0.043137 0.015686
0.047058 0.043137 0.015686
0.047058 0.043137 0.015686
0.047058 0.043137 0.015686
0.05098 0.047058 0.019607
0.05098 0.047058 0.019607
0.05098 0.047058 0.019607
0.05098 0.047058 0.019607
0.058823 0.054901 0.019607
0.058823 0.054901 0.019607
0.058823 0.054901 0.019607
0.058823 0.054901 0.019607
0.066666 0.058823 0.023529
0.066666 0.058823 0.023529
0.066666 0.058823 0.023529
0.066666 0.058823 0.023529
0.070588 0.066666 0.023529
0.070588 0.066666 0.023529
0.070588 0.066666 0.023529
0.070588 0.066666 0.023529
0.070588 0.066666 0.023529
0.078431 0.070588 0.023529
0.078431 0.070588 0.023529
0.078431 0.070588 0.023529
0.078431 0.070588 0.023529
0.082352 0.074509 0.02745
0.082352 0.074509 0.02745
0.082352 0.074509 0.02745
0.082352 0.074509 0.02745
0.090196 0.082352 0.023529
0.090196 0.082352 0.023529
0.090196 0.082352 0.023529
0.090196 0.082352 0.023529
0.094117 0.086274 0.023529
0.094117 0.086274 0.023529
0.094117 0.086274 0.023529
0.094117 0.086274 0.023529
0.10196 0.090196 0.019607
0.10196 0.090196 0.019607
0.10196 0.090196 0.019607
0.10196 0.090196 0.019607
0.10196 0.090196 0.019607
0.109803 0.098039 0.011764
0.109803 0.098039 0.011764
0.109803 0.098039 0.011764
0.109803 0.098039 0.011764
0.117647 0.105882 0.007843
0.117647 0.105882 0.007843
0.117647 0.105882 0.007843
0.117647 0.105882 0.007843
0.12549 0.109803 0.0
0.12549 0.109803 0.0
0.12549 0.109803 0.0
0.12549 0.109803 0.0
0.129411 0.113725 0.0
0.129411 0.113725 0.0
0.129411 0.113725 0.0
0.129411 0.113725 0.0
0.137254 0.121568 0.0
0.137254 0.121568 0.0
0.137254 0.121568 0.0
0.137254 0.121568 0.0
0.141176 0.12549 0.0
0.141176 0.12549 0.0
0.141176 0.12549 0.0
0.141176 0.12549 0.0
0.141176 0.12549 0.0
0.145098 0.129411 0.0
0.145098 0.129411 0.0
0.145098 0.129411 0.0
0.145098 0.129411 0.0
0.152941 0.133333 0.0
0.152941 0.133333 0.0
0.152941 0.133333 0.0
0.152941 0.133333 0.0
0.156862 0.141176 0.0
0.156862 0.141176 0.0
0.156862 0.141176 0.0
0.156862 0.141176 0.0
0.160784 0.145098 0.0
0.160784 0.145098 0.0
0.160784 0.145098 0.0
0.160784 0.145098 0.0
0.168627 0.149019 0.0
0.168627 0.149019 0.0
0.168627 0.149019 0.0
0.168627 0.149019 0.0
0.168627 0.149019 0.0
0.172549 0.152941 0.0
0.172549 0.152941 0.0
0.172549 0.152941 0.0
0.172549 0.152941 0.0
0.17647 0.156862 0.0
0.17647 0.156862 0.0
0.17647 0.156862 0.0
0.17647 0.156862 0.0
0.184313 0.160784 0.0
0.184313 0.160784 0.0
0.184313 0.160784 0.0
0.184313 0.160784 0.0
0.188235 0.168627 0.0
0.188235 0.168627 0.0
0.188235 0.168627 0.0
0.188235 0.168627 0.0
0.192156 0.172549 0.0
0.192156 0.172549 0.0
0.192156 0.172549 0.0
0.192156 0.172549 0.0
0.192156 0.172549 0.0
0.196078 0.17647 0.0
0.196078 0.17647 0.0
0.196078 0.17647 0.0
0.196078 0.17647 0.0
0.203921 0.180392 0.0
0.203921 0.180392 0.0
0.203921 0.180392 0.0
0.203921 0.180392 0.0
0.207843 0.184313 0.0
0.207843 0.184313 0.0
0.207843 0.184313 0.0
0.207843 0.184313 0.0
0.211764 0.188235 0.0
0.211764 0.188235 0.0
0.211764 0.188235 0.0
0.211764 0.188235 0.0
0.219607 0.192156 0.0
0.219607 0.192156 0.0
0.219607 0.192156 0.0
0.219607 0.192156 0.0
0.223529 0.2 0.0
0.223529 0.2 0.0
0.223529 0.2 0.0
0.223529 0.2 0.0
0.223529 0.2 0.0
0.22745 0.203921 0.0
0.22745 0.203921 0.0
0.22745 0.203921 0.0
0.22745 0.203921 0.0
0.235294 0.207843 0.0
0.235294 0.207843 0.0
0.235294 0.207843 0.0
0.235294 0.207843 0.0
0.239215 0.211764 0.0
0.239215 0.211764 0.0
0.239215 0.211764 0.0
0.239215 0.211764 0.0
0.243137 0.215686 0.0
0.243137 0.215686 0.0
0.243137 0.215686 0.0
0.243137 0.215686 0.0
0.25098 0.219607 0.0
0.25098 0.219607 0.0
0.25098 0.219607 0.0
0.25098 0.219607 0.0
0.25098 0.219607 0.0
0.254901 0.22745 0.0
0.254901 0.22745 0.0
0.254901 0.22745 0.0
0.254901 0.22745 0.0
0.258823 0.231372 0.0
0.258823 0.231372 0.0
0.258823 0.231372 0.0
0.258823 0.231372 0.0
0.262745 0.235294 0.0
0.262745 0.235294 0.0
0.262745 0.235294 0.0
0.262745 0.235294 0.0
0.266666 0.239215 0.0
0.266666 0.239215 0.0
0.266666 0.239215 0.0
0.266666 0.239215 0.0
0.270588 0.243137 0.0
0.270588 0.243137 0.0
0.270588 0.243137 0.0
0.270588 0.243137 0.0
0.278431 0.247058 0.0
0.278431 0.247058 0.0
0.278431 0.247058 0.0
0.278431 0.247058 0.0
0.278431 0.247058 0.0
0.282352 0.25098 0.0
0.282352 0.25098 0.0
0.282352 0.25098 0.0
0.282352 0.25098 0.0
0.286274 0.254901 0.0
0.286274 0.254901 0.0
0.286274 0.254901 0.0
0.286274 0.254901 0.0
0.294117 0.258823 0.0
0.294117 0.258823 0.0
0.294117 0.258823 0.0
0.294117 0.258823 0.0
0.298039 0.266666 0.0
0.298039 0.266666 0.0
0.298039 0.266666 0.0
0.298039 0.266666 0.0
0.30196 0.270588 0.0
0.30196 0.270588 0.0
0.30196 0.270588 0.0
0.30196 0.270588 0.0
0.30196 0.270588 0.0
0.309803 0.274509 0.0
0.309803 0.274509 0.0
0.309803 0.274509 0.0
0.309803 0.274509 0.0
0.313725 0.278431 0.0
0.313725 0.278431 0.0
0.313725 0.278431 0.0
0.313725 0.278431 0.0
0.317647 0.282352 0.0
0.317647 0.282352 0.0
0.317647 0.282352 0.0
0.317647 0.282352 0.0
0.32549 0.286274 0.0
0.32549 0.286274 0.0
0.32549 0.286274 0.0
0.32549 0.286274 0.0
0.329411 0.294117 0.0
0.329411 0.294117 0.0
0.329411 0.294117 0.0
0.329411 0.294117 0.0
0.333333 0.298039 0.0
0.333333 0.298039 0.0
0.333333 0.298039 0.0
0.333333 0.298039 0.0
0.333333 0.298039 0.0
0.337254 0.30196 0.0
0.337254 0.30196 0.0
0.337254 0.30196 0.0
0.337254 0.30196 0.0
0.345098 0.305882 0.0
0.345098 0.305882 0.0
0.345098 0.305882 0.0
0.345098 0.305882 0.0
0.349019 0.309803 0.0
0.349019 0.309803 0.0
0.349019 0.309803 0.0
0.349019 0.309803 0.0
0.352941 0.313725 0.0
0.352941 0.313725 0.0
0.352941 0.313725 0.0
0.352941 0.313725 0.0
0.360784 0.321568 0.0
0.360784 0.321568 0.0
0.360784 0.321568 0.0
0.360784 0.321568 0.0
0.360784 0.321568 0.0
0.364705 0.32549 0.0
0.364705 0.32549 0.0
0.364705 0.32549 0.0
0.364705 0.32549 0.0
0.368627 0.329411 0.0
0.368627 0.329411 0.0
0.368627 0.329411 0.0
0.368627 0.329411 0.0
0.372549 0.333333 0.0
0.372549 0.333333 0.0
0.372549 0.333333 0.0
0.372549 0.333333 0.0
0.380392 0.337254 0.0
0.380392 0.337254 0.0
0.380392 0.337254 0.0
0.380392 0.337254 0.0
0.384313 0.345098 0.0
0.384313 0.345098 0.0
0.384313 0.345098 0.0
0.384313 0.345098 0.0
0.388235 0.349019 0.0
0.388235 0.349019 0.0
0.388235 0.349019 0.0
0.388235 0.349019 0.0
0.388235 0.349019 0.0
0.396078 0.352941 0.0
0.396078 0.352941 0.0
0.396078 0.352941 0.0
0.396078 0.352941 0.0
0.4 0.356862 0.0
0.4 0.356862 0.0
0.4 0.356862 0.0
0.4 0.356862 0.0
0.403921 0.360784 0.0
0.403921 0.360784 0.0
0.403921 0.360784 0.0
0.403921 0.360784 0.0
0.407843 0.364705 0.023529
0.407843 0.364705 0.023529
0.407843 0.364705 0.023529
0.407843 0.364705 0.023529
0.415686 0.372549 0.031372
0.415686 0.372549 0.031372
0.415686 0.372549 0.031372
0.415686 0.372549 0.031372
0.415686 0.372549 0.031372
0.419607 0.37647 0.039215
0.419607 0.37647 0.039215
0.419607 0.37647 0.039215
0.419607 0.37647 0.039215
0.423529 0.380392 0.047058
0.423529 0.380392 0.047058
0.423529 0.380392 0.047058
0.423529 0.380392 0.047058
0.431372 0.384313 0.054901
0.431372 0.384313 0.054901
0.431372 0.384313 0.054901
0.431372 0.384313 0.054901
0.435294 0.388235 0.058823
0.435294 0.388235 0.058823
0.435294 0.388235 0.058823
0.435294 0.388235 0.058823
0.439215 0.396078 0.066666
0.439215 0.396078 0.066666
0.439215 0.396078 0.066666
0.439215 0.396078 0.066666
0.439215 0.396078 0.066666
0.443137 0.4 0.070588
0.443137 0.4 0.070588
0.443137 0.4 0.070588
0.443137 0.4 0.070588
0.45098 0.403921 0.074509
0.45098 0.403921 0.074509
0.45098 0.403921 0.074509
0.45098 0.403921 0.074509
0.454901 0.407843 0.074509
0.454901 0.407843 0.074509
0.454901 0.407843 0.074509
0.454901 0.407843 0.074509
0.458823 0.411764 0.078431
0.458823 0.411764 0.078431
0.458823 0.411764 0.078431
0.458823 0.411764 0.078431
0.466666 0.415686 0.082352
0.466666 0.415686 0.082352
0.466666 0.415686 0.082352
0.466666 0.415686 0.082352
0.470588 0.423529 0.090196
0.470588 0.423529 0.090196
0.470588 0.423529 0.090196
0.470588 0.423529 0.090196
0.470588 0.423529 0.090196
0.474509 0.42745 0.094117
0.474509 0.42745 0.094117
0.474509 0.42745 0.094117
0.474509 0.42745 0.094117
0.478431 0.431372 0.098039
0.478431 0.431372 0.098039
0.478431 0.431372 0.098039
0.478431 0.431372 0.098039
0.486274 0.439215 0.094117
0.486274 0.439215 0.094117
0.486274 0.439215 0.094117
0.486274 0.439215 0.094117
0.494117 0.443137 0.10196
0.494117 0.443137 0.10196
0.494117 0.443137 0.10196
0.494117 0.443137 0.10196
0.498039 0.447058 0.105882
0.498039 0.447058 0.105882
0.498039 0.447058 0.105882
0.498039 0.447058 0.105882
0.498039 0.447058 0.105882
0.50196 0.45098 0.109803
0.50196 0.45098 0.109803
0.50196 0.45098 0.109803
0.50196 0.45098 0.109803
0.505882 0.454901 0.113725
0.505882 0.454901 0.113725
0.505882 0.454901 0.113725
0.505882 0.454901 0.113725
0.513725 0.462745 0.113725
0.513725 0.462745 0.113725
0.513725 0.462745 0.113725
0.513725 0.462745 0.113725
0.517647 0.466666 0.117647
0.517647 0.466666 0.117647
0.517647 0.466666 0.117647
0.517647 0.466666 0.117647
0.521568 0.470588 0.121568
0.521568 0.470588 0.121568
0.521568 0.470588 0.121568
0.521568 0.470588 0.121568
0.529411 0.474509 0.12549
0.529411 0.474509 0.12549
0.529411 0.474509 0.12549
0.529411 0.474509 0.12549
0.529411 0.474509 0.12549
0.529411 0.478431 0.121568
0.529411 0.478431 0.121568
0.529411 0.478431 0.121568
0.529411 0.478431 0.121568
0.533333 0.478431 0.117647
0.533333 0.478431 0.117647
0.533333 0.478431 0.117647
0.533333 0.478431 0.117647
0.537254 0.482352 0.113725
0.537254 0.482352 0.113725
0.537254 0.482352 0.113725
0.537254 0.482352 0.113725
0.537254 0.482352 0.105882
0.537254 0.482352 0.105882
0.537254 0.482352 0.105882
0.537254 0.482352 0.105882
0.541176 0.486274 0.098039
0.541176 0.486274 0.098039
0.541176 0.486274 0.098039
0.541176 0.486274 0.098039
0.541176 0.486274 0.098039
0.541176 0.486274 0.094117
0.541176 0.486274 0.094117
0.541176 0.486274 0.094117
0.541176 0.486274 0.094117
0.545098 0.490196 0.086274
0.545098 0.490196 0.086274
0.545098 0.490196 0.086274
0.545098 0.490196 0.086274
0.545098 0.490196 0.078431
0.545098 0.490196 0.078431
0.545098 0.490196 0.078431
0.545098 0.490196 0.078431
0.549019 0.494117 0.066666
0.549019 0.494117 0.066666
0.549019 0.494117 0.066666
0.549019 0.494117 0.066666
0.549019 0.494117 0.05098
0.549019 0.494117 0.05098
0.549019 0.494117 0.05098
0.549019 0.494117 0.05098
0.552941 0.494117 0.015686
0.552941 0.494117 0.015686
0.552941 0.494117 0.015686
0.552941 0.494117 0.015686
0.552941 0.494117 0.015686
0.556862 0.498039 0.0
0.556862 0.498039 0.0
0.556862 0.498039 0.0
0.556862 0.498039 0.0
0.556862 0.498039 0.0
0.556862 0.498039 0.0
0.556862 0.498039 0.0
0.556862 0.498039 0.0
0.556862 0.498039 0.0
0.556862 0.498039 0.0
0.556862 0.498039 0.0
0.556862 0.498039 0.0
0.560784 0.498039 0.0
0.560784 0.498039 0.0
0.560784 0.498039 0.0
0.560784 0.498039 0.0
0.560784 0.498039 0.0
0.560784 0.498039 0.0
0.560784 0.498039 0.0
0.560784 0.498039 0.0
0.560784 0.498039 0.0
0.560784 0.50196 0.0
0.560784 0.50196 0.0
0.560784 0.50196 0.0
0.560784 0.50196 0.0
0.560784 0.50196 0.0
0.560784 0.50196 0.0
0.560784 0.50196 0.0
0.560784 0.50196 0.0
0.560784 0.50196 0.0
0.560784 0.50196 0.0
0.560784 0.50196 0.0
0.560784 0.50196 0.0
0.564705 0.50196 0.0
0.564705 0.50196 0.0
0.564705 0.50196 0.0
0.564705 0.50196 0.0
0.568627 0.505882 0.0
0.568627 0.505882 0.0
0.568627 0.505882 0.0
0.568627 0.505882 0.0
0.572549 0.509803 0.0
0.572549 0.509803 0.0
0.572549 0.509803 0.0
0.572549 0.509803 0.0
0.572549 0.509803 0.0
0.57647 0.509803 0.0
0.57647 0.509803 0.0
0.57647 0.509803 0.0
0.57647 0.509803 0.0
0.580392 0.517647 0.0
0.580392 0.517647 0.0
0.580392 0.517647 0.0
0.580392 0.517647 0.0
0.584313 0.517647 0.0
0.584313 0.517647 0.0
0.584313 0.517647 0.0
0.584313 0.517647 0.0
0.588235 0.521568 0.0
0.588235 0.521568 0.0
0.588235 0.521568 0.0
0.588235 0.521568 0.0
0.588235 0.521568 0.0
0.588235 0.521568 0.0
0.588235 0.521568 0.0
0.588235 0.521568 0.0
0.588235 0.521568 0.0
0.596078 0.529411 0.0
0.596078 0.529411 0.0
0.596078 0.529411 0.0
0.596078 0.529411 0.0
0.596078 0.529411 0.0
0.596078 0.529411 0.0
0.596078 0.529411 0.0
0.596078 0.529411 0.0
0.6 0.533333 0.0
0.6 0.533333 0.0
0.6 0.533333 0.0
0.6 0.533333 0.0
0.603921 0.537254 0.0
0.603921 0.537254 0.0
0.603921 0.537254 0.0
0.603921 0.537254 0.0
0.607843 0.541176 0.0
0.607843 0.541176 0.0
0.607843 0.541176 0.0
0.607843 0.541176 0.0
0.607843 0.541176 0.0
0.611764 0.545098 0.0
0.611764 0.545098 0.0
0.611764 0.545098 0.0
0.611764 0.545098 0.0
0.615686 0.545098 0.0
0.615686 0.545098 0.0
0.615686 0.545098 0.0
0.615686 0.545098 0.0
0.615686 0.549019 0.0
0.615686 0.549019 0.0
0.615686 0.549019 0.0
0.615686 0.549019 0.0
0.619607 0.552941 0.0
0.619607 0.552941 0.0
0.619607 0.552941 0.0
0.619607 0.552941 0.0
0.623529 0.556862 0.0
0.623529 0.556862 0.0
0.623529 0.556862 0.0
0.623529 0.556862 0.0
0.62745 0.560784 0.0
0.62745 0.560784 0.0
0.62745 0.560784 0.0
0.62745 0.560784 0.0
0.62745 0.560784 0.0
0.631372 0.560784 0.0
0.631372 0.560784 0.0
0.631372 0.560784 0.0
0.631372 0.560784 0.0
0.635294 0.564705 0.0
0.635294 0.564705 0.0
0.635294 0.564705 0.0
0.635294 0.564705 0.0
0.639215 0.568627 0.0
0.639215 0.568627 0.0
0.639215 0.568627 0.0
0.639215 0.568627 0.0
0.643137 0.572549 0.0
0.643137 0.572549 0.0
0.643137 0.572549 0.0
0.643137 0.572549 0.0
0.647058 0.57647 0.0
0.647058 0.57647 0.0
0.647058 0.57647 0.0
0.647058 0.57647 0.0
0.647058 0.57647 0.0
0.647058 0.57647 0.0
0.647058 0.57647 0.0
0.647058 0.57647 0.0
0.647058 0.57647 0.0
0.654901 0.580392 0.0
0.654901 0.580392 0.0
0.654901 0.580392 0.0
0.654901 0.580392 0.0
0.654901 0.584313 0.0
0.654901 0.584313 0.0
0.654901 0.584313 0.0
0.654901 0.584313 0.0
0.658823 0.588235 0.0
0.658823 0.588235 0.0
0.658823 0.588235 0.0
0.658823 0.588235 0.0
0.662745 0.592156 0.0
0.662745 0.592156 0.0
0.662745 0.592156 0.0
0.662745 0.592156 0.0
0.666666 0.592156 0.0
0.666666 0.592156 0.0
0.666666 0.592156 0.0
0.666666 0.592156 0.0
0.666666 0.592156 0.0
0.666666 0.596078 0.0
0.666666 0.596078 0.0
0.666666 0.596078 0.0
0.666666 0.596078 0.0
0.670588 0.6 0.0
0.670588 0.6 0.0
0.670588 0.6 0.0
0.670588 0.6 0.0
0.674509 0.603921 0.0
0.674509 0.603921 0.0
0.674509 0.603921 0.0
0.674509 0.603921 0.0
0.678431 0.603921 0.0
0.678431 0.603921 0.0
0.678431 0.603921 0.0
0.678431 0.603921 0.0
0.682352 0.607843 0.0
0.682352 0.607843 0.0
0.682352 0.607843 0.0
0.682352 0.607843 0.0
0.682352 0.607843 0.0
0.686274 0.611764 0.0
0.686274 0.611764 0.0
0.686274 0.611764 0.0
0.686274 0.611764 0.0
0.690196 0.615686 0.0
0.690196 0.615686 0.0
0.690196 0.615686 0.0
0.690196 0.615686 0.0
0.694117 0.619607 0.0
0.694117 0.619607 0.0
0.694117 0.619607 0.0
0.694117 0.619607 0.0
0.694117 0.619607 0.0
0.694117 0.619607 0.0
0.694117 0.619607 0.0
0.694117 0.619607 0.0
0.70196 0.623529 0.0
0.70196 0.623529 0.0
0.70196 0.623529 0.0
0.70196 0.623529 0.0
0.70196 0.62745 0.0
0.70196 0.62745 0.0
0.70196 0.62745 0.0
0.70196 0.62745 0.0
0.70196 0.62745 0.0
0.705882 0.631372 0.0
0.705882 0.631372 0.0
0.705882 0.631372 0.0
0.705882 0.631372 0.0
0.709803 0.631372 0.0
0.709803 0.631372 0.0
0.709803 0.631372 0.0
0.709803 0.631372 0.0
0.709803 0.635294 0.0
0.709803 0.635294 0.0
0.709803 0.635294 0.0
0.709803 0.635294 0.0
0.713725 0.639215 0.0
0.713725 0.639215 0.0
0.713725 0.639215 0.0
0.713725 0.639215 0.0
0.717647 0.639215 0.0
0.717647 0.639215 0.0
0.717647 0.639215 0.0
0.717647 0.639215 0.0
0.717647 0.639215 0.0
0.721568 0.643137 0.0
0.721568 0.643137 0.0
0.721568 0.643137 0.0
0.721568 0.643137 0.0
0.72549 0.647058 0.0
0.72549 0.647058 0.0
0.72549 0.647058 0.0
0.72549 0.647058 0.0
0.729411 0.65098 0.0
0.729411 0.65098 0.0
0.729411 0.65098 0.0
0.729411 0.65098 0.0
0.729411 0.65098 0.0
0.729411 0.65098 0.0
0.729411 0.65098 0.0
0.729411 0.65098 0.0
0.733333 0.654901 0.0
0.733333 0.654901 0.0
0.733333 0.654901 0.0
0.733333 0.654901 0.0
0.737254 0.658823 0.0
0.737254 0.658823 0.0
0.737254 0.658823 0.0
0.737254 0.658823 0.0
0.737254 0.658823 0.0
0.741176 0.662745 0.0
0.741176 0.662745 0.0
0.741176 0.662745 0.0
0.741176 0.662745 0.0
0.745098 0.666666 0.0
0.745098 0.666666 0.0
0.745098 0.666666 0.0
0.745098 0.666666 0.0
0.749019 0.666666 0.0
0.749019 0.666666 0.0
0.749019 0.666666 0.0
0.749019 0.666666 0.0
0.749019 0.670588 0.0
0.749019 0.670588 0.0
0.749019 0.670588 0.0
0.749019 0.670588 0.0
0.756862 0.674509 0.0
0.756862 0.674509 0.0
0.756862 0.674509 0.0
0.756862 0.674509 0.0
0.756862 0.674509 0.0
0.756862 0.678431 0.0
0.756862 0.678431 0.0
0.756862 0.678431 0.0
0.756862 0.678431 0.0
0.760784 0.682352 0.0
0.760784 0.682352 0.0
0.760784 0.682352 0.0
0.760784 0.682352 0.0
0.764705 0.686274 0.0
0.764705 0.686274 0.0
0.764705 0.686274 0.0
0.764705 0.686274 0.0
0.768627 0.686274 0.0
0.768627 0.686274 0.0
0.768627 0.686274 0.0
0.768627 0.686274 0.0
0.768627 0.690196 0.0
0.768627 0.690196 0.0
0.768627 0.690196 0.0
0.768627 0.690196 0.0
0.768627 0.690196 0.0
0.77647 0.694117 0.0
0.77647 0.694117 0.0
0.77647 0.694117 0.0
0.77647 0.694117 0.0
0.77647 0.694117 0.0
0.77647 0.694117 0.0
0.77647 0.694117 0.0
0.77647 0.694117 0.0
0.780392 0.698039 0.0
0.780392 0.698039 0.0
0.780392 0.698039 0.0
0.780392 0.698039 0.0
0.784313 0.70196 0.0
0.784313 0.70196 0.0
0.784313 0.70196 0.0
0.784313 0.70196 0.0
0.788235 0.705882 0.011764
0.788235 0.705882 0.011764
0.788235 0.705882 0.011764
0.788235 0.705882 0.011764
0.792156 0.705882 0.023529
0.792156 0.705882 0.023529
0.792156 0.705882 0.023529
0.792156 0.705882 0.023529
0.792156 0.705882 0.023529
0.792156 0.709803 0.031372
0.792156 0.709803 0.031372
0.792156 0.709803 0.031372
0.792156 0.709803 0.031372
0.8 0.713725 0.039215
0.8 0.713725 0.039215
0.8 0.713725 0.039215
0.8 0.713725 0.039215
0.803921 0.717647 0.043137
0.803921 0.717647 0.043137
0.803921 0.717647 0.043137
0.803921 0.717647 0.043137
0.803921 0.717647 0.047058
0.803921 0.717647 0.047058
0.803921 0.717647 0.047058
0.803921 0.717647 0.047058
0.807843 0.72549 0.05098
0.807843 0.72549 0.05098
0.807843 0.72549 0.05098
0.807843 0.72549 0.05098
0.807843 0.72549 0.05098
0.811764 0.72549 0.054901
0.811764 0.72549 0.054901
0.811764 0.72549 0.054901
0.811764 0.72549 0.054901
0.815686 0.729411 0.058823
0.815686 0.729411 0.058823
0.815686 0.729411 0.058823
0.815686 0.729411 0.058823
0.819607 0.733333 0.062745
0.819607 0.733333 0.062745
0.819607 0.733333 0.062745
0.819607 0.733333 0.062745
0.823529 0.737254 0.062745
0.823529 0.737254 0.062745
0.823529 0.737254 0.062745
0.823529 0.737254 0.062745
0.82745 0.741176 0.062745
0.82745 0.741176 0.062745
0.82745 0.741176 0.062745
0.82745 0.741176 0.062745
0.831372 0.745098 0.066666
0.831372 0.745098 0.066666
0.831372 0.745098 0.066666
0.831372 0.745098 0.066666
0.831372 0.745098 0.066666
0.835294 0.749019 0.066666
0.835294 0.749019 0.066666
0.835294 0.749019 0.066666
0.835294 0.749019 0.066666
0.839215 0.752941 0.066666
0.839215 0.752941 0.066666
0.839215 0.752941 0.066666
0.839215 0.752941 0.066666
0.843137 0.752941 0.066666
0.843137 0.752941 0.066666
0.843137 0.752941 0.066666
0.843137 0.752941 0.066666
0.847058 0.756862 0.066666
0.847058 0.756862 0.066666
0.847058 0.756862 0.066666
0.847058 0.756862 0.066666
0.847058 0.760784 0.066666
0.847058 0.760784 0.066666
0.847058 0.760784 0.066666
0.847058 0.760784 0.066666
0.847058 0.760784 0.066666
0.854901 0.764705 0.066666
0.854901 0.764705 0.066666
0.854901 0.764705 0.066666
0.854901 0.764705 0.066666
0.854901 0.764705 0.066666
0.854901 0.764705 0.066666
0.854901 0.764705 0.066666
0.854901 0.764705 0.066666
0.858823 0.768627 0.066666
0.858823 0.768627 0.066666
0.858823 0.768627 0.066666
0.858823 0.768627 0.066666
0.862745 0.772549 0.066666
0.862745 0.772549 0.066666
0.862745 0.772549 0.066666
0.862745 0.772549 0.066666
0.866666 0.77647 0.066666
0.866666 0.77647 0.066666
0.866666 0.77647 0.066666
0.866666 0.77647 0.066666
0.866666 0.77647 0.066666
0.866666 0.77647 0.066666
0.866666 0.77647 0.066666
0.866666 0.77647 0.066666
0.866666 0.77647 0.066666
0.870588 0.780392 0.066666
0.870588 0.780392 0.066666
0.870588 0.780392 0.066666
0.870588 0.780392 0.066666
0.870588 0.780392 0.066666
0.870588 0.780392 0.066666
0.870588 0.780392 0.066666
0.870588 0.780392 0.066666
0.874509 0.784313 0.066666
0.874509 0.784313 0.066666
0.874509 0.784313 0.066666
0.874509 0.784313 0.066666
0.874509 0.784313 0.066666
0.874509 0.784313 0.066666
0.874509 0.784313 0.066666
0.874509 0.784313 0.066666
0.874509 0.784313 0.066666
0.874509 0.784313 0.066666
0.874509 0.784313 0.066666
0.874509 0.784313 0.066666
0.874509 0.784313 0.066666
0.878431 0.788235 0.090196
0.878431 0.788235 0.090196
0.878431 0.788235 0.090196
0.878431 0.788235 0.090196
0.886274 0.792156 0.12549
0.886274 0.792156 0.12549
0.886274 0.792156 0.12549
0.886274 0.792156 0.12549
0.886274 0.796078 0.152941
0.886274 0.796078 0.152941
0.886274 0.796078 0.152941
0.886274 0.796078 0.152941
0.890196 0.8 0.180392
0.890196 0.8 0.180392
0.890196 0.8 0.180392
0.890196 0.8 0.180392
0.894117 0.803921 0.203921
0.894117 0.803921 0.203921
0.894117 0.803921 0.203921
0.894117 0.803921 0.203921
0.898039 0.811764 0.223529
0.898039 0.811764 0.223529
0.898039 0.811764 0.223529
0.898039 0.811764 0.223529
0.898039 0.811764 0.223529
0.90196 0.815686 0.247058
0.90196 0.815686 0.247058
0.90196 0.815686 0.247058
0.90196 0.815686 0.247058
0.905882 0.819607 0.270588
0.905882 0.819607 0.270588
0.905882 0.819607 0.270588
0.905882 0.819607 0.270588
0.909803 0.823529 0.290196
0.909803 0.823529 0.290196
0.909803 0.823529 0.290196
0.909803 0.823529 0.290196
0.913725 0.82745 0.313725
0.913725 0.82745 0.313725
0.913725 0.82745 0.313725
0.913725 0.82745 0.313725
0.917647 0.831372 0.329411
0.917647 0.831372 0.329411
0.917647 0.831372 0.329411
0.917647 0.831372 0.329411
0.917647 0.831372 0.329411
0.921568 0.839215 0.349019
0.921568 0.839215 0.349019
0.921568 0.839215 0.349019
0.921568 0.839215 0.349019
0.921568 0.843137 0.368627
0.921568 0.843137 0.368627
0.921568 0.843137 0.368627
0.921568 0.843137 0.368627
0.92549 0.847058 0.388235
0.92549 0.847058 0.388235
0.92549 0.847058 0.388235
0.92549 0.847058 0.388235
0.929411 0.85098 0.407843
0.929411 0.85098 0.407843
0.929411 0.85098 0.407843
0.929411 0.85098 0.407843
0.933333 0.854901 0.42745
0.933333 0.854901 0.42745
0.933333 0.854901 0.42745
0.933333 0.854901 0.42745
0.933333 0.858823 0.447058
0.933333 0.858823 0.447058
0.933333 0.858823 0.447058
0.933333 0.858823 0.447058
0.933333 0.858823 0.447058
0.937254 0.862745 0.466666
0.937254 0.862745 0.466666
0.937254 0.862745 0.466666
0.937254 0.862745 0.466666
0.941176 0.870588 0.486274
0.941176 0.870588 0.486274
0.941176 0.870588 0.486274
0.941176 0.870588 0.486274
0.945098 0.874509 0.505882
0.945098 0.874509 0.505882
0.945098 0.874509 0.505882
0.945098 0.874509 0.505882
0.949019 0.878431 0.52549
0.949019 0.878431 0.52549
0.949019 0.878431 0.52549
0.949019 0.878431 0.52549
0.949019 0.886274 0.545098
0.949019 0.886274 0.545098
0.949019 0.886274 0.545098
0.949019 0.886274 0.545098
0.949019 0.886274 0.545098
0.952941 0.890196 0.564705
0.952941 0.890196 0.564705
0.952941 0.890196 0.564705
0.952941 0.890196 0.564705
0.956862 0.894117 0.580392
0.956862 0.894117 0.580392
0.956862 0.894117 0.580392
0.956862 0.894117 0.580392
0.960784 0.898039 0.6
0.960784 0.898039 0.6
0.960784 0.898039 0.6
0.960784 0.898039 0.6
0.960784 0.90196 0.619607
0.960784 0.90196 0.619607
0.960784 0.90196 0.619607
0.960784 0.90196 0.619607
0.960784 0.905882 0.639215
0.960784 0.905882 0.639215
0.960784 0.905882 0.639215
0.960784 0.905882 0.639215
0.960784 0.905882 0.639215
0.964705 0.909803 0.658823
0.964705 0.909803 0.658823
0.964705 0.909803 0.658823
0.964705 0.909803 0.658823
0.968627 0.917647 0.674509
0.968627 0.917647 0.674509
0.968627 0.917647 0.674509
0.968627 0.917647 0.674509
0.968627 0.917647 0.690196
0.968627 0.917647 0.690196
0.968627 0.917647 0.690196
0.968627 0.917647 0.690196
0.968627 0.92549 0.709803
0.968627 0.92549 0.709803
0.968627 0.92549 0.709803
0.968627 0.92549 0.709803
0.972549 0.929411 0.729411
0.972549 0.929411 0.729411
0.972549 0.929411 0.729411
0.972549 0.929411 0.729411
0.972549 0.933333 0.749019
0.972549 0.933333 0.749019
0.972549 0.933333 0.749019
0.972549 0.933333 0.749019
0.972549 0.933333 0.749019
0.97647 0.937254 0.768627
0.97647 0.937254 0.768627
0.97647 0.937254 0.768627
0.97647 0.937254 0.768627
0.980392 0.945098 0.784313
0.980392 0.945098 0.784313
0.980392 0.945098 0.784313
0.980392 0.945098 0.784313
0.980392 0.949019 0.803921
0.980392 0.949019 0.803921
0.980392 0.949019 0.803921
0.980392 0.949019 0.803921
0.984313 0.952941 0.823529
0.984313 0.952941 0.823529
0.984313 0.952941 0.823529
0.984313 0.952941 0.823529
0.984313 0.956862 0.843137
0.984313 0.956862 0.843137
0.984313 0.956862 0.843137
0.984313 0.956862 0.843137
0.984313 0.956862 0.843137
0.988235 0.964705 0.862745
0.988235 0.964705 0.862745
0.988235 0.964705 0.862745
0.988235 0.964705 0.862745
0.984313 0.964705 0.882352
0.984313 0.964705 0.882352
0.984313 0.964705 0.882352
0.984313 0.964705 0.882352
0.988235 0.968627 0.898039
0.988235 0.968627 0.898039
0.988235 0.968627 0.898039
0.988235 0.968627 0.898039
0.988235 0.97647 0.917647
0.988235 0.97647 0.917647
0.988235 0.97647 0.917647
0.988235 0.97647 0.917647
0.992156 0.980392 0.937254
0.992156 0.980392 0.937254
0.992156 0.980392 0.937254
0.992156 0.980392 0.937254
0.992156 0.984313 0.956862
0.992156 0.984313 0.956862
0.992156 0.984313 0.956862
0.992156 0.984313 0.956862
0.992156 0.984313 0.956862
0.996078 0.992156 0.97647
0.996078 0.992156 0.97647
0.996078 0.992156 0.97647
0.996078 0.992156 0.97647
0.996078 0.996078 0.996078
0.996078 0.996078 0.996078
