1.0 0.0 0.0
1.0 0.054901 0.0
1.0 0.094117 0.0
1.0 0.121568 0.0
1.0 0.145098 0.0
1.0 0.164705 0.0
1.0 0.184313 0.0
1.0 0.2 0.0
1.0 0.215686 0.0
1.0 0.22745 0.0
1.0 0.239215 0.0
1.0 0.254901 0.0
1.0 0.266666 0.0
1.0 0.278431 0.0
1.0 0.286274 0.0
1.0 0.298039 0.0
1.0 0.309803 0.0
1.0 0.317647 0.0
1.0 0.329411 0.0
1.0 0.337254 0.0
1.0 0.345098 0.0
1.0 0.356862 0.0
1.0 0.364705 0.0
1.0 0.372549 0.0
1.0 0.380392 0.0
1.0 0.388235 0.0
1.0 0.396078 0.0
1.0 0.407843 0.0
1.0 0.415686 0.0
1.0 0.423529 0.0
1.0 0.431372 0.0
1.0 0.435294 0.0
1.0 0.443137 0.0
1.0 0.45098 0.0
1.0 0.458823 0.0
1.0 0.466666 0.0
1.0 0.470588 0.0
1.0 0.478431 0.0
1.0 0.486274 0.0
1.0 0.494117 0.0
1.0 0.498039 0.0
1.0 0.505882 0.0
1.0 0.513725 0.0
1.0 0.521568 0.0
1.0 0.529411 0.0
1.0 0.533333 0.0
1.0 0.541176 0.0
1.0 0.545098 0.0
1.0 0.552941 0.0
1.0 0.556862 0.0
1.0 0.564705 0.0
1.0 0.568627 0.0
1.0 0.57647 0.0
1.0 0.580392 0.0
1.0 0.588235 0.0
1.0 0.592156 0.0
1.0 0.6 0.0
1.0 0.607843 0.0
1.0 0.611764 0.0
1.0 0.619607 0.0
1.0 0.623529 0.0
1.0 0.631372 0.0
1.0 0.635294 0.0
1.0 0.643137 0.0
1.0 0.647058 0.0
1.0 0.654901 0.0
1.0 0.658823 0.0
1.0 0.666666 0.0
1.0 0.670588 0.0
1.0 0.678431 0.0
1.0 0.682352 0.0
1.0 0.690196 0.0
1.0 0.694117 0.0
1.0 0.70196 0.0
1.0 0.709803 0.0
1.0 0.713725 0.0
1.0 0.721568 0.0
1.0 0.72549 0.0
1.0 0.733333 0.0
1.0 0.737254 0.0
1.0 0.745098 0.0
1.0 0.749019 0.0
1.0 0.756862 0.0
1.0 0.760784 0.0
1.0 0.768627 0.0
1.0 0.772549 0.0
1.0 0.780392 0.0
1.0 0.784313 0.0
1.0 0.792156 0.0
1.0 0.796078 0.0
1.0 0.803921 0.0
1.0 0.811764 0.0
1.0 0.815686 0.0
1.0 0.823529 0.0
1.0 0.82745 0.0
1.0 0.835294 0.0
1.0 0.843137 0.0
1.0 0.847058 0.0
1.0 0.854901 0.0
1.0 0.862745 0.0
1.0 0.870588 0.0
1.0 0.878431 0.0
1.0 0.882352 0.0
1.0 0.890196 0.0
1.0 0.898039 0.0
1.0 0.905882 0.0
1.0 0.913725 0.0
1.0 0.917647 0.0
1.0 0.92549 0.0
1.0 0.933333 0.0
1.0 0.941176 0.0
1.0 0.949019 0.0
1.0 0.956862 0.0
1.0 0.964705 0.0
1.0 0.972549 0.0
1.0 0.980392 0.0
1.0 0.988235 0.0
1.0 0.996078 0.0
1.0 1.0 0.0
0.988235 1.0 0.0
0.980392 1.0 0.0
0.968627 1.0 0.0
0.960784 1.0 0.0
0.949019 1.0 0.0
0.937254 1.0 0.0
0.92549 1.0 0.0
0.917647 1.0 0.0
0.905882 1.0 0.0
0.894117 1.0 0.0
0.882352 1.0 0.0
0.870588 1.0 0.0
0.858823 1.0 0.0
0.847058 1.0 0.0
0.835294 1.0 0.0
0.823529 1.0 0.0
0.811764 1.0 0.0
0.796078 1.0 0.0
0.784313 1.0 0.0
0.772549 1.0 0.0
0.756862 1.0 0.0
0.741176 1.0 0.0
0.729411 1.0 0.0
0.713725 1.0 0.0
0.698039 1.0 0.0
0.682352 1.0 0.0
0.666666 1.0 0.0
0.65098 1.0 0.0
0.635294 1.0 0.0
0.619607 1.0 0.0
0.6 1.0 0.0
0.580392 1.0 0.0
0.560784 1.0 0.0
0.541176 1.0 0.0
0.521568 1.0 0.0
0.498039 1.0 0.0
0.474509 1.0 0.0
0.45098 1.0 0.0
0.423529 1.0 0.0
0.392156 1.0 0.0
0.360784 1.0 0.0
0.32549 1.0 0.0
0.286274 1.0 0.0
0.235294 1.0 0.0
0.172549 1.0 0.0
0.054901 1.0 0.0
0.0 1.0 0.0
0.0 1.0 0.098039
0.0 1.0 0.149019
0.0 1.0 0.188235
0.0 1.0 0.223529
0.0 1.0 0.25098
0.0 1.0 0.278431
0.0 1.0 0.30196
0.0 1.0 0.32549
0.0 1.0 0.349019
0.0 1.0 0.368627
0.0 1.0 0.388235
0.0 1.0 0.407843
0.0 1.0 0.42745
0.0 1.0 0.443137
0.0 1.0 0.462745
0.0 1.0 0.478431
0.0 1.0 0.494117
0.0 1.0 0.509803
0.0 1.0 0.52549
0.0 1.0 0.537254
0.0 1.0 0.552941
0.0 1.0 0.568627
0.0 1.0 0.580392
0.0 1.0 0.592156
0.0 1.0 0.607843
0.0 1.0 0.619607
0.0 1.0 0.631372
0.0 1.0 0.643137
0.0 1.0 0.658823
0.0 1.0 0.670588
0.0 1.0 0.678431
0.0 1.0 0.690196
0.0 1.0 0.70196
0.0 1.0 0.713725
0.0 1.0 0.72549
0.0 1.0 0.733333
0.0 1.0 0.745098
0.0 1.0 0.752941
0.0 1.0 0.764705
0.0 1.0 0.772549
0.0 1.0 0.784313
0.0 1.0 0.792156
0.0 1.0 0.8
0.0 1.0 0.811764
0.0 1.0 0.819607
0.0 1.0 0.82745
0.0 1.0 0.835294
0.0 1.0 0.843137
0.0 1.0 0.85098
0.0 1.0 0.858823
0.0 1.0 0.866666
0.0 1.0 0.874509
0.0 1.0 0.882352
0.0 1.0 0.890196
0.0 1.0 0.898039
0.0 1.0 0.905882
0.0 1.0 0.913725
0.0 1.0 0.921568
0.0 1.0 0.92549
0.0 1.0 0.933333
0.0 1.0 0.941176
0.0 1.0 0.949019
0.0 1.0 0.956862
0.0 1.0 0.960784
0.0 1.0 0.968627
0.0 1.0 0.97647
0.0 1.0 0.984313
0.0 1.0 0.988235
0.0 1.0 0.996078
0.0 1.0 1.0
0.0 0.992156 1.0
0.0 0.988235 1.0
0.0 0.980392 1.0
0.0 0.97647 1.0
0.0 0.968627 1.0
0.0 0.964705 1.0
0.0 0.956862 1.0
0.0 0.952941 1.0
0.0 0.945098 1.0
0.0 0.941176 1.0
0.0 0.933333 1.0
0.0 0.929411 1.0
0.0 0.921568 1.0
0.0 0.917647 1.0
0.0 0.909803 1.0
0.0 0.905882 1.0
0.0 0.898039 1.0
0.0 0.890196 1.0
0.0 0.886274 1.0
0.0 0.878431 1.0
0.0 0.874509 1.0
0.0 0.866666 1.0
0.0 0.862745 1.0
0.0 0.854901 1.0
0.0 0.85098 1.0
0.0 0.843137 1.0
0.0 0.839215 1.0
0.0 0.831372 1.0
0.0 0.82745 1.0
0.0 0.819607 1.0
0.0 0.815686 1.0
0.0 0.807843 1.0
0.0 0.803921 1.0
0.0 0.796078 1.0
0.0 0.788235 1.0
0.0 0.784313 1.0
0.0 0.77647 1.0
0.0 0.772549 1.0
0.0 0.764705 1.0
0.0 0.760784 1.0
0.0 0.752941 1.0
0.0 0.749019 1.0
0.0 0.741176 1.0
0.0 0.737254 1.0
0.0 0.729411 1.0
0.0 0.72549 1.0
0.0 0.717647 1.0
0.0 0.713725 1.0
0.0 0.705882 1.0
0.0 0.70196 1.0
0.0 0.694117 1.0
0.0 0.686274 1.0
0.0 0.682352 1.0
0.0 0.674509 1.0
0.0 0.670588 1.0
0.0 0.662745 1.0
0.0 0.658823 1.0
0.0 0.65098 1.0
0.0 0.647058 1.0
0.0 0.639215 1.0
0.0 0.635294 1.0
0.0 0.62745 1.0
0.0 0.623529 1.0
0.0 0.615686 1.0
0.0 0.611764 1.0
0.0 0.603921 1.0
0.0 0.596078 1.0
0.0 0.592156 1.0
0.0 0.584313 1.0
0.0 0.580392 1.0
0.0 0.572549 1.0
0.0 0.568627 1.0
0.0 0.560784 1.0
0.0 0.556862 1.0
0.0 0.549019 1.0
0.0 0.545098 1.0
0.0 0.537254 1.0
0.0 0.533333 1.0
0.0 0.52549 1.0
0.0 0.521568 1.0
0.0 0.513725 1.0
0.0 0.509803 1.0
0.0 0.50196 1.0
0.0 0.494117 1.0
0.0 0.490196 1.0
0.0 0.482352 1.0
0.0 0.478431 1.0
0.0 0.470588 1.0
0.0 0.466666 1.0
0.0 0.458823 1.0
0.0 0.454901 1.0
0.0 0.447058 1.0
0.0 0.443137 1.0
0.0 0.435294 1.0
0.0 0.431372 1.0
0.0 0.423529 1.0
0.0 0.419607 1.0
0.0 0.411764 1.0
0.0 0.407843 1.0
0.0 0.4 1.0
0.0 0.392156 1.0
0.0 0.388235 1.0
0.0 0.380392 1.0
0.0 0.37647 1.0
0.0 0.368627 1.0
0.0 0.360784 1.0
0.0 0.352941 1.0
0.0 0.345098 1.0
0.0 0.341176 1.0
0.0 0.333333 1.0
0.0 0.32549 1.0
0.0 0.317647 1.0
0.0 0.313725 1.0
0.0 0.305882 1.0
0.0 0.294117 1.0
0.0 0.286274 1.0
0.0 0.278431 1.0
0.0 0.270588 1.0
0.0 0.262745 1.0
0.0 0.254901 1.0
0.0 0.247058 1.0
0.0 0.235294 1.0
0.0 0.22745 1.0
0.0 0.215686 1.0
0.0 0.207843 1.0
0.0 0.196078 1.0
0.0 0.184313 1.0
0.0 0.172549 1.0
0.0 0.160784 1.0
0.0 0.145098 1.0
0.0 0.129411 1.0
0.0 0.113725 1.0
0.0 0.094117 1.0
0.0 0.070588 1.0
0.0 0.043137 1.0
0.0 0.003921 1.0
0.0 0.0 1.0
0.10196 0.0 1.0
0.156862 0.0 1.0
0.196078 0.0 1.0
0.231372 0.0 1.0
0.258823 0.0 1.0
0.286274 0.0 1.0
0.309803 0.0 1.0
0.329411 0.0 1.0
0.352941 0.0 1.0
0.372549 0.0 1.0
0.388235 0.0 1.0
0.407843 0.0 1.0
0.423529 0.0 1.0
0.439215 0.0 1.0
0.458823 0.0 1.0
0.474509 0.0 1.0
0.486274 0.0 1.0
0.50196 0.0 1.0
0.517647 0.0 1.0
0.529411 0.0 1.0
0.545098 0.0 1.0
0.556862 0.0 1.0
0.572549 0.0 1.0
0.584313 0.0 1.0
0.596078 0.0 1.0
0.611764 0.0 1.0
0.623529 0.0 1.0
0.635294 0.0 1.0
0.647058 0.0 1.0
0.658823 0.0 1.0
0.670588 0.0 1.0
0.682352 0.0 1.0
0.694117 0.0 1.0
0.705882 0.0 1.0
0.717647 0.0 1.0
0.72549 0.0 1.0
0.737254 0.0 1.0
0.749019 0.0 1.0
0.760784 0.0 1.0
0.772549 0.0 1.0
0.780392 0.0 1.0
0.792156 0.0 1.0
0.803921 0.0 1.0
0.815686 0.0 1.0
0.82745 0.0 1.0
0.835294 0.0 1.0
0.847058 0.0 1.0
0.858823 0.0 1.0
0.870588 0.0 1.0
0.882352 0.0 1.0
0.890196 0.0 1.0
0.90196 0.0 1.0
0.913725 0.0 1.0
0.92549 0.0 1.0
0.937254 0.0 1.0
0.945098 0.0 1.0
0.956862 0.0 1.0
0.968627 0.0 1.0
0.980392 0.0 1.0
0.992156 0.0 1.0
1.0 0.0 1.0
1.0 0.0 0.984313
1.0 0.0 0.968627
1.0 0.0 0.952941
1.0 0.0 0.937254
1.0 0.0 0.92549
1.0 0.0 0.909803
1.0 0.0 0.894117
1.0 0.0 0.878431
1.0 0.0 0.866666
1.0 0.0 0.85098
1.0 0.0 0.839215
1.0 0.0 0.823529
1.0 0.0 0.811764
1.0 0.0 0.796078
1.0 0.0 0.784313
1.0 0.0 0.772549
1.0 0.0 0.756862
1.0 0.0 0.745098
1.0 0.0 0.733333
1.0 0.0 0.721568
1.0 0.0 0.709803
1.0 0.0 0.694117
1.0 0.0 0.682352
1.0 0.0 0.670588
1.0 0.0 0.658823
1.0 0.0 0.647058
1.0 0.0 0.639215
1.0 0.0 0.62745
1.0 0.0 0.615686
1.0 0.0 0.603921
1.0 0.0 0.592156
1.0 0.0 0.584313
1.0 0.0 0.572549
1.0 0.0 0.564705
1.0 0.0 0.552941
1.0 0.0 0.541176
1.0 0.0 0.533333
1.0 0.0 0.521568
1.0 0.0 0.513725
1.0 0.0 0.50196
1.0 0.0 0.494117
1.0 0.0 0.486274
1.0 0.0 0.474509
1.0 0.0 0.466666
1.0 0.0 0.458823
1.0 0.0 0.447058
1.0 0.0 0.439215
1.0 0.0 0.431372
1.0 0.0 0.423529
1.0 0.0 0.411764
1.0 0.0 0.403921
1.0 0.0 0.396078
1.0 0.0 0.384313
1.0 0.0 0.37647
1.0 0.0 0.368627
1.0 0.0 0.360784
1.0 0.0 0.352941
1.0 0.0 0.345098
1.0 0.0 0.337254
1.0 0.0 0.329411
1.0 0.0 0.321568
1.0 0.0 0.313725
1.0 0.0 0.305882
1.0 0.0 0.298039
1.0 0.0 0.290196
1.0 0.0 0.282352
1.0 0.0 0.274509
1.0 0.0 0.266666
1.0 0.0 0.258823
1.0 0.0 0.247058
1.0 0.0 0.239215
1.0 0.0 0.231372
1.0 0.0 0.219607
1.0 0.0 0.211764
1.0 0.0 0.203921
1.0 0.0 0.192156
1.0 0.0 0.184313
1.0 0.0 0.17647
1.0 0.0 0.164705
1.0 0.0 0.156862
1.0 0.0 0.145098
1.0 0.0 0.133333
1.0 0.0 0.121568
1.0 0.0 0.109803
1.0 0.0 0.098039
1.0 0.0 0.082352
1.0 0.0 0.070588
1.0 0.0 0.05098
1.0 0.0 0.031372
1.0 0.0 0.011764
1.0 0.0 0.0
