40 37 40
47 43 48
50 47 54
55 52 61
58 55 65
59 56 67
61 58 71
63 59 74
64 61 77
65 61 79
66 62 81
65 61 82
65 60 84
66 60 86
65 59 87
64 58 88
64 57 89
63 57 90
62 55 91
60 53 91
58 51 93
55 48 93
53 46 93
51 45 94
49 42 95
44 39 96
40 36 96
38 34 97
37 36 99
38 39 102
37 42 105
36 46 108
35 50 111
35 53 114
35 57 117
31 61 121
29 64 124
30 68 128
31 71 131
34 74 135
34 77 138
35 81 142
36 85 147
38 88 150
39 92 155
38 95 159
34 98 163
30 102 168
25 105 172
26 109 177
20 112 182
18 116 186
18 118 185
12 121 181
13 123 177
7 126 172
4 128 169
0 130 165
0 133 161
0 135 158
0 137 154
0 139 150
1 141 145
0 142 140
0 145 136
0 146 132
0 148 128
0 150 123
0 152 118
0 154 112
0 155 107
0 158 101
0 159 96
0 161 91
0 163 84
0 165 79
0 167 78
0 170 77
1 173 76
19 175 75
39 178 75
56 181 74
73 183 72
89 186 71
105 189 69
116 191 67
128 194 65
138 197 62
150 201 60
160 204 58
171 207 56
181 211 52
193 215 47
203 219 42
212 222 35
222 226 27
231 230 20
239 233 13
247 237 7
255 241 1
255 233 1
255 224 1
255 216 1
254 209 6
254 201 11
254 194 15
252 186 19
251 179 22
250 170 26
249 163 27
247 154 28
246 146 29
246 139 31
245 132 32
244 126 33
244 117 33
243 108 33
242 100 33
242 90 33
241 80 34
240 71 34
239 57 34
238 42 35
238 29 35
238 39 38
239 60 46
239 68 48
240 83 57
241 91 63
242 104 74
243 109 79
243 120 89
244 127 96
245 136 105
246 142 112
246 152 123
246 157 129
248 169 141
248 174 147
250 185 161
250 190 167
252 203 183
252 208 190
253 219 204
254 226 213
253 238 230
254 245 241
255 255 255
255 255 255
255 255 255
255 255 255
255 255 255
255 255 255
255 255 255
255 255 255
255 255 255
255 255 255
255 255 255
255 255 255
255 255 255