0 173 237
0 172 234
0 172 232
0 171 230
0 170 228
0 169 224
0 169 222
0 168 220
0 167 218
0 166 216
0 165 213
0 164 211
0 163 209
0 163 207
0 161 204
0 161 202
0 160 200
0 160 198
0 159 195
0 159 194
0 158 192
12 157 189
20 156 187
26 156 185
31 155 184
37 155 182
45 154 180
51 153 178
56 153 177
60 152 175
64 151 173
70 150 170
74 149 168
79 149 166
83 148 164
89 146 162
92 146 160
95 145 159
98 144 157
102 143 154
105 142 153
107 142 151
110 141 149
113 140 147
116 139 145
118 138 144
120 137 142
123 136 140
125 135 138
127 135 136
130 134 135
133 133 133
134 132 131
136 131 130
137 130 128
139 129 127
141 128 124
143 127 123
145 126 121
147 126 120
150 124 117
152 124 116
154 123 114
155 122 113
158 121 111
160 120 110
161 119 108
163 118 107
165 116 105
166 115 103
168 115 102
169 114 100
172 112 98
174 111 97
175 110 95
177 109 94
179 108 92
181 107 90
182 105 87
184 104 86
185 103 85
187 101 83
189 100 82
190 99 81
192 97 79
194 96 77
196 94 76
197 93 74
198 91 73
200 89 70
202 88 69
203 87 67
205 85 66
206 82 64
208 80 62
209 79 61
210 77 59
212 75 57
213 73 56
215 71 54
216 69 53
218 66 51
220 63 50
221 61 49
222 58 48
224 56 47
226 52 45
228 48 43
229 46 42
231 43 41
233 39 39
234 36 38
236 33 37
237 30 35
238 29 35
238 29 35
238 29 35
238 29 35
238 29 35
238 29 35
238 29 35
238 29 35
238 29 35
238 29 35
238 29 35
238 29 35
238 29 35
238 29 35
238 29 35
238 29 35
238 29 35
238 29 35
238 29 35
238 29 35
238 29 35
238 29 35
238 29 35
238 29 35
238 29 35
238 29 35
238 29 35
238 29 35
238 29 35
238 29 35
238 29 35
238 29 35
238 29 35
238 29 35
238 29 35
238 29 35
238 29 35
238 29 35