35 31 32
36 32 33
40 36 36
46 41 41
49 44 44
57 50 49
62 53 52
68 58 56
71 60 58
77 64 61
80 66 62
85 69 64
88 71 66
94 74 68
97 75 69
101 77 70
104 78 70
108 80 70
110 81 71
115 82 71
117 82 71
122 83 71
124 84 71
130 85 71
131 86 71
136 86 70
138 86 70
143 86 69
144 86 69
149 86 67
151 87 67
156 86 66
158 86 66
163 86 65
164 86 64
169 85 63
172 84 62
176 83 60
177 83 58
183 82 57
186 81 57
191 79 56
193 77 54
196 74 51
199 72 49
203 69 48
205 68 46
210 64 44
213 62 43
217 56 41
220 53 41
224 48 39
228 41 38
233 35 36
236 31 35
238 34 35
238 38 35
238 45 35
239 52 34
239 58 34
239 64 34
239 71 34
240 75 34
240 80 34
241 83 34
241 88 33
242 92 33
242 97 33
243 101 33
243 104 33
243 108 33
243 113 33
244 117 33
244 120 33
244 124 33
245 127 33
245 131 32
245 134 32
246 137 31
246 140 31
246 143 30
247 147 29
247 150 29
247 153 28
248 157 28
248 160 28
249 164 27
249 167 27
250 170 26
250 174 24
251 178 23
252 182 21
252 185 20
253 188 18
253 192 17
254 196 14
254 199 12
254 202 10
254 205 8
254 209 6
254 212 4
255 216 1
255 219 1
255 223 1
255 226 1
255 230 1
255 234 1
255 237 1
255 241 3
255 241 11
255 241 19
255 242 27
255 242 33
255 242 39
255 242 47
255 243 53
255 243 60
255 243 67
255 243 74
255 243 81
255 243 87
255 243 94
255 244 100
255 244 105
255 244 109
255 245 114
255 245 119
255 245 124
255 246 128
255 246 132
255 246 136
255 246 140
255 246 144
255 246 148
255 246 151
255 247 155
255 247 159
255 247 163
255 248 167
255 248 170
255 248 174
255 248 178
255 249 182
255 249 186
255 249 189
255 250 193
255 250 196
255 250 200
255 251 204
255 251 207
255 251 211
255 251 215
255 252 219
255 252 222
255 252 226
255 253 230
255 253 234
255 253 238
255 254 242
255 254 246
255 254 250
255 254 254