46 49 146
47 50 147
48 51 147
49 52 148
50 54 149
51 55 149
53 57 150
56 59 151
58 60 152
62 63 153
63 63 154
67 66 155
69 67 156
71 69 157
72 70 157
73 72 158
75 74 159
76 75 159
77 77 160
79 78 160
81 80 161
83 81 162
85 83 163
88 85 164
90 87 165
91 88 166
93 89 166
95 91 168
96 92 168
98 94 169
100 96 171
102 97 171
105 100 173
106 101 174
109 103 175
110 105 175
113 107 177
114 108 177
115 110 178
117 112 180
118 113 180
120 115 181
121 116 182
124 118 183
125 120 184
127 122 185
130 124 186
131 126 187
135 129 189
135 129 189
138 132 191
139 133 191
142 136 193
144 138 194
145 139 195
148 142 196
149 143 197
152 146 199
154 148 199
156 150 201
159 153 202
160 154 203
163 158 205
164 159 205
167 162 207
168 163 208
171 167 210
173 168 210
176 171 212
178 174 213
180 176 214
183 179 216
185 181 217
187 184 218
189 186 219
192 189 221
195 192 223
196 194 224
200 198 226
201 199 227
205 203 229
206 204 229
210 208 232
212 210 233
215 213 234
219 217 236
221 219 237
224 223 239
226 225 240
230 229 242
232 231 243
235 235 245
239 238 246
241 241 248
245 245 250
247 247 251
251 251 253
253 253 254
255 255 255
255 255 255
255 255 255
255 255 255
255 255 255
255 255 255
255 255 255
255 255 255
255 255 255
255 255 255
255 255 255
255 255 255
255 255 255
255 255 255
255 255 255
255 255 255
255 255 255
255 255 255
255 255 255
255 255 255
255 255 255
255 255 255
255 255 255
255 255 255
255 255 255
255 255 255
255 255 255
255 255 255
255 255 255
255 255 255
255 255 255
255 255 255
255 255 255
255 255 255
255 255 255
255 255 255
255 255 255
255 255 255
255 255 255
255 255 255
255 255 255
255 255 255
255 255 255
255 255 255
255 255 255
255 255 255
255 255 255
255 255 255
255 255 255
255 255 255
255 255 255
255 255 255
255 255 255
255 255 255
255 255 255