0.33479085 0.28308437 0.75649522
0.335839787 0.284854179 0.758050699
0.336888735 0.286622774 0.759602403
0.337937701 0.288390164 0.761150317
0.338986689 0.290156355 0.762694425
0.340035705 0.291921352 0.764234711
0.341084753 0.293685162 0.765771161
0.342133839 0.295447789 0.76730376
0.343182968 0.297209239 0.768832492
0.344232145 0.298969515 0.770357342
0.345281374 0.300728622 0.771878295
0.346330661 0.302486563 0.773395337
0.347380011 0.304243342 0.774908451
0.348429428 0.30599896 0.776417623
0.349478917 0.307753422 0.777922839
0.350528484 0.309506728 0.779424083
0.351578132 0.311258882 0.78092134
0.352627867 0.313009883 0.782414597
0.353677693 0.314759735 0.783903837
0.354727615 0.316508436 0.785389047
0.355777638 0.318255989 0.786870212
0.356827765 0.320002393 0.788347316
0.357878003 0.321747648 0.789820347
0.358928354 0.323491755 0.791289288
0.359978824 0.325234712 0.792754126
0.361029418 0.326976519 0.794214847
0.362080138 0.328717175 0.795671435
0.363130991 0.330456678 0.797123877
0.36418198 0.332195027 0.798572158
0.365233109 0.333932221 0.800016265
0.366284383 0.335668256 0.801456182
0.367335805 0.337403132 0.802891896
0.368387381 0.339136846 0.804323393
0.369439114 0.340869394 0.805750658
0.370491008 0.342600774 0.807173678
0.371543067 0.344330984 0.808592439
0.372595296 0.346060019 0.810006927
0.373647698 0.347787877 0.811417127
0.374700278 0.349514553 0.812823027
0.375753038 0.351240044 0.814224612
0.376805983 0.352964346 0.815621869
0.377859118 0.354687455 0.817014784
0.378912444 0.356409365 0.818403343
0.379965967 0.358130074 0.819787533
0.38101969 0.359849576 0.821167341
0.382073617 0.361567866 0.822542752
0.383127751 0.363284939 0.823913754
0.384182096 0.36500079 0.825280333
0.385236655 0.366715414 0.826642475
0.386291432 0.368428805 0.828000168
0.38734643 0.370140957 0.829353398
0.388401653 0.371851866 0.830702152
0.389457104 0.373561524 0.832046417
0.390512786 0.375269927 0.83338618
0.391568703 0.376977067 0.834721428
0.392624858 0.378682939 0.836052147
0.393681254 0.380387537 0.837378325
0.394737894 0.382090853 0.838699949
0.395794781 0.383792881 0.840017006
0.396851919 0.385493614 0.841329484
0.39790931 0.387193045 0.842637369
0.398966958 0.388891168 0.843940649
0.400024864 0.390587976 0.845239311
0.401083033 0.39228346 0.846533343
0.402141467 0.393977614 0.847822732
0.403200169 0.395670431 0.849107466
0.404259141 0.397361903 0.850387532
0.405318387 0.399052021 0.851662917
0.406377909 0.40074078 0.85293361
0.407437709 0.40242817 0.854199599
0.40849779 0.404114185 0.85546087
0.409558155 0.405798815 0.856717412
0.410618806 0.407482053 0.857969212
0.411679745 0.409163891 0.859216259
0.412740976 0.41084432 0.860458541
0.4138025 0.412523333 0.861696045
0.414864319 0.414200921 0.86292876
0.415926437 0.415877074 0.864156673
0.416988854 0.417551786 0.865379773
0.418051574 0.419225047 0.866598048
0.419114598 0.420896848 0.867811487
0.420177928 0.422567182 0.869020078
0.421241567 0.424236038 0.870223808
0.422305516 0.425903408 0.871422667
0.423369778 0.427569283 0.872616643
0.424434354 0.429233654 0.873805725
0.425499245 0.430896512 0.874989901
0.426564455 0.432557847 0.876169159
0.427629984 0.434217651 0.877343489
0.428695834 0.435875915 0.878512879
0.429762008 0.437532628 0.879677319
0.430828505 0.439187781 0.880836796
0.431895329 0.440841366 0.8819913
0.43296248 0.442493372 0.883140819
0.43402996 0.44414379 0.884285344
0.435097771 0.44579261 0.885424862
0.436165913 0.447439823 0.886559363
0.437234388 0.449085419 0.887688837
0.438303197 0.450729388 0.888813272
0.439372342 0.45237172 0.889932657
0.440441823 0.454012405 0.891046982
0.441511642 0.455651434 0.892156237
0.4425818 0.457288797 0.893260411
0.443652298 0.458924483 0.894359493
0.444723136 0.460558482 0.895453472
0.445794315 0.462190785 0.89654234
0.446865838 0.463821381 0.897626084
0.447937703 0.465450261 0.898704695
0.449009912 0.467077413 0.899778163
0.450082467 0.468702828 0.900846477
0.451155366 0.470326495 0.901909628
0.452228611 0.471948404 0.902967605
0.453302203 0.473568544 0.904020398
0.454376142 0.475186906 0.905067998
0.455450429 0.476803479 0.906110394
0.456525063 0.478418252 0.907147576
0.457600045 0.480031215 0.908179535
0.458675376 0.481642357 0.909206262
0.459751056 0.483251668 0.910227745
0.460827085 0.484859138 0.911243976
0.461903462 0.486464754 0.912254946
0.462980189 0.488068508 0.913260644
0.464057265 0.489670388 0.914261062
0.465134691 0.491270383 0.915256189
0.466212465 0.492868483 0.916246016
0.467290589 0.494464678 0.917230535
0.468369061 0.496058955 0.918209736
0.469447882 0.497651305 0.919183609
0.470527051 0.499241717 0.920152147
0.471606569 0.500830179 0.921115338
0.472686434 0.502416681 0.922073176
0.473766647 0.504001212 0.923025649
0.474847206 0.505583761 0.923972751
0.475928112 0.507164318 0.924914472
0.477009363 0.50874287 0.925850802
0.47809096 0.510319408 0.926781734
0.479172901 0.51189392 0.927707259
0.480255185 0.513466395 0.928627368
0.481337813 0.515036822 0.929542052
0.482420783 0.51660519 0.930451304
0.483504093 0.518171488 0.931355114
0.484587744 0.519735705 0.932253474
0.485671735 0.521297829 0.933146376
0.486756063 0.522857851 0.934033812
0.487840729 0.524415758 0.934915774
0.48892573 0.525971539 0.935792252
0.490011067 0.527525183 0.93666324
0.491096736 0.52907668 0.937528729
0.492182739 0.530626017 0.938388711
0.493269071 0.532173184 0.939243178
0.494355734 0.533718169 0.940092123
0.495442724 0.535260961 0.940935537
0.496530041 0.53680155 0.941773414
0.497617683 0.538339923 0.942605744
0.498705648 0.539876069 0.943432521
0.499793935 0.541409978 0.944253736
0.500882542 0.542941637 0.945069383
0.501971466 0.544471036 0.945879455
0.503060708 0.545998163 0.946683942
0.504150263 0.547523007 0.947482839
0.505240131 0.549045557 0.948276138
0.50633031 0.550565801 0.949063831
0.507420797 0.552083728 0.949845912
0.508511591 0.553599327 0.950622374
0.509602689 0.555112586 0.951393208
0.510694089 0.556623493 0.952158409
0.511785789 0.558132039 0.95291797
0.512877787 0.559638211 0.953671883
0.51397008 0.561141997 0.954420142
0.515062666 0.562643387 0.95516274
0.516155542 0.564142369 0.95589967
0.517248706 0.565638932 0.956630926
0.518342156 0.567133064 0.957356501
0.519435888 0.568624754 0.958076388
0.5205299 0.570113991 0.958790582
0.52162419 0.571600763 0.959499075
0.522718755 0.573085058 0.960201862
0.523813591 0.574566866 0.960898935
0.524908697 0.576046175 0.96159029
0.526004068 0.577522974 0.962275919
0.527099703 0.578997251 0.962955817
0.528195598 0.580468994 0.963629977
0.52929175 0.581938193 0.964298393
0.530388156 0.583404836 0.964961061
0.531484813 0.584868911 0.965617972
0.532581718 0.586330408 0.966269123
0.533678866 0.587789314 0.966914507
0.534776256 0.589245619 0.967554119
0.535873884 0.590699311 0.968187952
0.536971746 0.592150378 0.968816001
0.538069839 0.593598809 0.969438261
0.539168159 0.595044594 0.970054727
0.540266703 0.596487719 0.970665392
0.541365467 0.597928175 0.971270252
0.542464447 0.59936595 0.971869301
0.54356364 0.600801031 0.972462534
0.544663043 0.602233409 0.973049946
0.54576265 0.603663071 0.973631532
0.546862459 0.605090006 0.974207287
0.547962465 0.606514203 0.974777205
0.549062665 0.60793565 0.975341282
0.550163054 0.609354337 0.975899513
0.551263629 0.610770251 0.976451894
0.552364384 0.612183382 0.976998419
0.553465318 0.613593717 0.977539083
0.554566423 0.615001246 0.978073883
0.555667698 0.616405958 0.978602814
0.556769137 0.617807841 0.97912587
0.557870736 0.619206883 0.979643048
0.558972491 0.620603074 0.980154344
0.560074397 0.621996402 0.980659752
0.56117645 0.623386856 0.981159269
0.562278645 0.624774425 0.981652891
0.563380977 0.626159097 0.982140613
0.564483442 0.62754086 0.982622432
0.565586036 0.628919705 0.983098342
0.566688753 0.630295619 0.983568341
0.567791589 0.631668591 0.984032425
0.568894539 0.633038611 0.984490589
0.569997598 0.634405666 0.984942829
0.571100761 0.635769746 0.985389143
0.572204023 0.637130839 0.985829527
0.573307379 0.638488934 0.986263976
0.574410825 0.63984402 0.986692487
0.575514354 0.641196086 0.987115058
0.576617962 0.642545121 0.987531684
0.577721644 0.643891113 0.987942361
0.578825395 0.645234052 0.988347088
0.579929208 0.646573926 0.98874586
0.581033079 0.647910723 0.989138675
0.582137003 0.649244434 0.989525528
0.583240973 0.650575047 0.989906418
0.584344986 0.65190255 0.990281341
0.585449034 0.653226933 0.990650295
0.586553112 0.654548185 0.991013275
0.587657215 0.655866294 0.991370281
0.588761338 0.65718125 0.991721308
0.589865474 0.658493041 0.992066354
0.590969617 0.659801657 0.992405417
0.592073763 0.661107086 0.992738493
0.593177905 0.662409318 0.993065581
0.594282037 0.663708341 0.993386678
0.595386153 0.665004145 0.993701782
0.596490248 0.666296718 0.99401089
0.597594315 0.66758605 0.994313999
0.598698348 0.66887213 0.994611109
0.599802342 0.670154947 0.994902216
0.60090629 0.671434489 0.995187319
0.602010186 0.672710746 0.995466415
0.603114023 0.673983708 0.995739502
0.604217796 0.675253363 0.99600658
0.605321499 0.6765197 0.996267644
0.606425124 0.677782709 0.996522695
0.607528665 0.679042379 0.996771731
0.608632117 0.680298699 0.997014748
0.609735472 0.681551658 0.997251747
0.610838724 0.682801246 0.997482725
0.611941867 0.684047451 0.997707681
0.613044894 0.685290264 0.997926613
0.614147798 0.686529673 0.998139521
0.615250573 0.687765667 0.998346402
0.616353211 0.688998237 0.998547256
0.617455707 0.690227371 0.998742081
0.618558053 0.691453058 0.998930877
0.619660243 0.692675288 0.999113641
0.62076227 0.693894051 0.999290374
0.621864126 0.695109336 0.999461074
0.622965805 0.696321132 0.99962574
0.624067301 0.697529429 0.999784372
0.625168605 0.698734215 0.999936969
0.62626971 0.699935482 1.000083529
0.627370611 0.701133217 1.000224053
0.628471299 0.702327411 1.00035854
0.629571767 0.703518053 1.000486988
0.630672009 0.704705133 1.000609399
0.631772016 0.705888641 1.000725771
0.632871782 0.707068565 1.000836104
0.633971299 0.708244895 1.000940398
0.635070561 0.709417622 1.001038652
0.636169558 0.710586734 1.001130866
0.637268285 0.711752222 1.001217041
0.638366734 0.712914075 1.001297176
0.639464896 0.714072283 1.00137127
0.640562766 0.715226835 1.001439325
0.641660334 0.716377721 1.001501341
0.642757593 0.717524931 1.001557317
0.643854536 0.718668456 1.001607253
0.644951156 0.719808283 1.001651151
0.646047443 0.720944405 1.00168901
0.647143391 0.722076809 1.001720831
0.648238992 0.723205487 1.001746614
0.649334238 0.724330427 1.00176636
0.65042912 0.725451621 1.00178007
0.651523632 0.726569057 1.001787743
0.652617765 0.727682726 1.001789382
0.653711512 0.728792618 1.001784986
0.654804864 0.729898722 1.001774556
0.655897812 0.73100103 1.001758094
0.656990351 0.73209953 1.0017356
0.65808247 0.733194213 1.001707075
0.659174162 0.734285069 1.001672521
0.660265419 0.735372087 1.001631938
0.661356232 0.736455259 1.001585328
0.662446594 0.737534575 1.001532691
0.663536496 0.738610023 1.00147403
0.66462593 0.739681596 1.001409346
0.665714888 0.740749282 1.001338639
0.66680336 0.741813072 1.001261912
0.667891339 0.742872957 1.001179166
0.668978817 0.743928926 1.001090402
0.670065785 0.74498097 1.000995623
0.671152234 0.746029079 1.000894829
0.672238155 0.747073244 1.000788023
0.673323542 0.748113455 1.000675207
0.674408384 0.749149703 1.000556383
0.675492673 0.750181977 1.000431551
0.676576402 0.751210268 1.000300715
0.67765956 0.752234567 1.000163877
0.678742139 0.753254864 1.000021038
0.679824131 0.75427115 0.9998722
0.680905527 0.755283415 0.999717367
0.681986317 0.756291649 0.99955654
0.683066495 0.757295845 0.999389721
0.684146049 0.758295991 0.999216914
0.685224972 0.759292079 0.999038119
0.686303255 0.760284099 0.998853341
0.687380889 0.761272042 0.998662582
0.688457865 0.762255899 0.998465843
0.689534173 0.76323566 0.998263128
0.690609806 0.764211316 0.99805444
0.691684753 0.765182859 0.997839782
0.692759007 0.766150278 0.997619156
0.693832557 0.767113565 0.997392564
0.694905395 0.76807271 0.997160011
0.695977511 0.769027705 0.9969215
0.697048897 0.76997854 0.996677032
0.698119544 0.770925206 0.996426612
0.699189441 0.771867695 0.996170243
0.700258581 0.772805997 0.995907927
0.701326953 0.773740103 0.995639669
0.702394548 0.774670004 0.995365471
0.703461358 0.775595691 0.995085337
0.704527373 0.776517156 0.994799271
0.705592583 0.77743439 0.994507275
0.706656979 0.778347384 0.994209354
0.707720551 0.779256128 0.993905512
0.708783292 0.780160614 0.993595751
0.70984519 0.781060834 0.993280076
0.710906236 0.781956778 0.992958491
0.711966422 0.782848439 0.992630999
0.713025736 0.783735806 0.992297605
0.714084171 0.784618872 0.991958311
0.715141717 0.785497629 0.991613123
0.716198363 0.786372066 0.991262045
0.7172541 0.787242176 0.99090508
0.718308919 0.78810795 0.990542233
0.71936281 0.788969381 0.990173508
0.720415764 0.789826458 0.989798909
0.72146777 0.790679174 0.989418441
0.722518819 0.79152752 0.989032109
0.723568902 0.792371489 0.988639915
0.724618008 0.793211071 0.988241866
0.725666128 0.794046258 0.987837966
0.726713252 0.794877042 0.987428219
0.72775937 0.795703414 0.987012631
0.728804473 0.796525367 0.986591205
0.729848551 0.797342892 0.986163947
0.730891593 0.798155981 0.985730861
0.73193359 0.798964625 0.985291953
0.732974533 0.799768817 0.984847227
0.73401441 0.800568549 0.984396688
0.735053213 0.801363812 0.983940342
0.736090931 0.802154598 0.983478194
0.737127555 0.802940899 0.983010248
0.738163074 0.803722708 0.98253651
0.739197478 0.804500016 0.982056986
0.740230758 0.805272816 0.98157168
0.741262903 0.806041098 0.981080598
0.742293903 0.806804857 0.980583746
0.743323749 0.807564083 0.980081129
0.74435243 0.808318769 0.979572752
0.745379936 0.809068908 0.979058621
0.746406258 0.80981449 0.978538742
0.747431384 0.810555509 0.978013121
0.748455305 0.811291958 0.977481763
0.74947801 0.812023827 0.976944674
0.75049949 0.81275111 0.976401859
0.751519735 0.813473799 0.975853326
0.752538733 0.814191887 0.97529908
0.753556476 0.814905365 0.974739126
0.754572952 0.815614227 0.974173471
0.755588151 0.816318465 0.973602121
0.756602064 0.817018071 0.973025083
0.75761468 0.817713038 0.972442361
0.758625988 0.818403359 0.971853964
0.759635979 0.819089026 0.971259896
0.760644642 0.819770033 0.970660165
0.761651966 0.82044637 0.970054777
0.762657943 0.821118033 0.969443738
0.76366256 0.821785012 0.968827055
0.764665808 0.822447301 0.968204735
0.765667676 0.823104894 0.967576783
0.766668154 0.823757781 0.966943207
0.767667232 0.824405958 0.966304014
0.768664899 0.825049416 0.96565921
0.769661145 0.825688148 0.965008802
0.77065596 0.826322148 0.964352797
0.771649332 0.826951408 0.963691202
0.772641252 0.827575921 0.963024024
0.773631709 0.828195682 0.96235127
0.774620693 0.828810682 0.961672947
0.775608192 0.829420915 0.960989062
0.776594198 0.830026374 0.960299622
0.777578698 0.830627052 0.959604635
0.778561684 0.831222943 0.958904108
0.779543143 0.831814039 0.958198047
0.780523066 0.832400335 0.957486462
0.781501442 0.832981823 0.956769358
0.782478261 0.833558497 0.956046744
0.783453511 0.83413035 0.955318627
0.784427183 0.834697376 0.954585014
0.785399266 0.835259569 0.953845913
0.78636975 0.835816921 0.953101333
0.787338623 0.836369426 0.952351279
0.788305875 0.836917078 0.951595761
0.789271496 0.83745987 0.950834787
0.790235474 0.837997797 0.950068363
0.7911978 0.838530852 0.949296498
0.792158463 0.839059027 0.948519199
0.793117452 0.839582319 0.947736476
0.794074756 0.840100719 0.946948335
0.795030365 0.840614222 0.946154785
0.795984269 0.841122822 0.945355835
0.796936456 0.841626512 0.944551491
0.797886916 0.842125287 0.943741763
0.798835638 0.842619141 0.942926659
0.799782611 0.843108067 0.942106187
0.800727826 0.843592059 0.941280355
0.80167127 0.844071112 0.940449172
0.802612935 0.844545219 0.939612647
0.803552808 0.845014376 0.938770787
0.804490879 0.845478575 0.937923602
0.805427138 0.845937811 0.937071099
0.806361573 0.846392079 0.936213289
0.807294175 0.846841372 0.935350178
0.808224932 0.847285685 0.934481777
0.809153833 0.847725013 0.933608093
0.810080869 0.848159349 0.932729136
0.811006027 0.848588687 0.931844914
0.811929298 0.849013024 0.930955437
0.812850671 0.849432352 0.930060713
0.813770135 0.849846667 0.929160752
0.814687679 0.850255962 0.928255561
0.815603293 0.850660234 0.927345152
0.816516965 0.851059475 0.926429532
0.817428686 0.851453681 0.92550871
0.818338444 0.851842847 0.924582697
0.819246229 0.852226967 0.9236515
0.820152029 0.852606035 0.922715131
0.821055834 0.852980048 0.921773597
0.821957634 0.853348999 0.920826908
0.822857418 0.853712883 0.919875074
0.823755174 0.854071696 0.918918105
0.824650893 0.854425432 0.917956009
0.825544563 0.854774087 0.916988796
0.826436173 0.855117654 0.916016475
0.827325713 0.85545613 0.915039058
0.828213173 0.855789509 0.914056552
0.829098541 0.856117787 0.913068968
0.829981806 0.856440958 0.912076316
0.830862958 0.856759018 0.911078606
0.831741986 0.857071962 0.910075846
0.83261888 0.857379785 0.909068048
0.833493628 0.857682483 0.90805522
0.83436622 0.857980051 0.907037374
0.835236646 0.858272484 0.906014519
0.836104893 0.858559777 0.904986664
0.836970952 0.858841927 0.903953821
0.837834812 0.859118928 0.902916
0.838696462 0.859390776 0.901873209
0.839555892 0.859657467 0.90082546
0.84041309 0.859918996 0.899772763
0.841268046 0.860175359 0.898715129
0.842120749 0.860426551 0.897652566
0.842971189 0.860672569 0.896585087
0.843819354 0.860913407 0.895512701
0.844665234 0.861149063 0.894435418
0.845508819 0.86137953 0.89335325
0.846350097 0.861604806 0.892266206
0.847189058 0.861824886 0.891174298
0.848025691 0.862039766 0.890077535
0.848859985 0.862249442 0.888975929
0.84969193 0.862453911 0.88786949
0.850521515 0.862653167 0.886758228
0.851348729 0.862847207 0.885642156
0.852173562 0.863036028 0.884521282
0.852996002 0.863219625 0.883395619
0.85381604 0.863397994 0.882265176
0.854633665 0.863571133 0.881129966
0.855448865 0.863739036 0.879989998
0.85626163 0.8639017 0.878845284
0.85707195 0.864059122 0.877695834
0.857879814 0.864211298 0.876541661
0.858685211 0.864358225 0.875382774
0.85948813 0.864499898 0.874219185
0.860288561 0.864636314 0.873050905
0.861086494 0.864767471 0.871877945
0.861881917 0.864893363 0.870700317
0.86267482 0.865013989 0.869518031
0.863465192 0.865129343 0.8683311
0.864253023 0.865239425 0.867139533
0.865038303 0.865344229 0.865943343
0.865905511 0.865183612 0.864662038
0.866852835 0.864757651 0.863297399
0.867795177 0.864326515 0.861930535
0.868732534 0.863890208 0.86056146
0.869664903 0.863448733 0.859190187
0.870592284 0.863002094 0.857816733
0.871514673 0.862550296 0.85644111
0.872432067 0.862093341 0.855063334
0.873344465 0.861631235 0.853683418
0.874251865 0.861163981 0.852301378
0.875154263 0.860691584 0.850917228
0.876051658 0.860214046 0.849530982
0.876944047 0.859731373 0.848142655
0.877831427 0.859243569 0.84675226
0.878713798 0.858750638 0.845359813
0.879591155 0.858252584 0.843965327
0.880463496 0.857749411 0.842568817
0.88133082 0.857241123 0.841170299
0.882193124 0.856727726 0.839769784
0.883050406 0.856209223 0.83836729
0.883902662 0.855685619 0.836962828
0.884749892 0.855156918 0.835556415
0.885592092 0.854623125 0.834148064
0.88642926 0.854084244 0.83273779
0.887261393 0.853540279 0.831325606
0.88808849 0.852991236 0.829911528
0.888910548 0.852437119 0.82849557
0.889727565 0.851877932 0.827077746
0.890539538 0.851313681 0.82565807
0.891346465 0.850744369 0.824236556
0.892148343 0.850170003 0.82281322
0.892945171 0.849590585 0.821388074
0.893736946 0.849006122 0.819961134
0.894523665 0.848416618 0.818532414
0.895305327 0.847822077 0.817101928
0.896081928 0.847222506 0.815669691
0.896853468 0.846617908 0.814235715
0.897619942 0.846008289 0.812800017
0.89838135 0.845393654 0.81136261
0.899137688 0.844774008 0.809923508
0.899888955 0.844149355 0.808482725
0.900635148 0.843519702 0.807040276
0.901376265 0.842885052 0.805596175
0.902112304 0.842245411 0.804150437
0.902843262 0.841600785 0.802703074
0.903569137 0.840951179 0.801254102
0.904289927 0.840296597 0.799803535
0.90500563 0.839637046 0.798351386
0.905716243 0.83897253 0.79689767
0.906421765 0.838303054 0.795442402
0.907122192 0.837628625 0.793985595
0.907817524 0.836949248 0.792527263
0.908507757 0.836264927 0.79106742
0.90919289 0.835575669 0.789606081
0.90987292 0.834881479 0.78814326
0.910547845 0.834182362 0.78667897
0.911217664 0.833478325 0.785213226
0.911882373 0.832769372 0.783746043
0.912541971 0.832055509 0.782277433
0.913196456 0.831336742 0.78080741
0.913845826 0.830613077 0.77933599
0.914490078 0.829884519 0.777863186
0.915129211 0.829151074 0.776389012
0.915763222 0.828412747 0.774913482
0.91639211 0.827669545 0.773436609
0.917015872 0.826921474 0.771958409
0.917634506 0.826168538 0.770478895
0.918248011 0.825410745 0.76899808
0.918856384 0.824648099 0.767515979
0.919459624 0.823880608 0.766032606
0.920057728 0.823108276 0.764547974
0.920650694 0.82233111 0.763062098
0.921238521 0.821549116 0.761574991
0.921821207 0.8207623 0.760086667
0.92239875 0.819970668 0.75859714
0.922971147 0.819174225 0.757106425
0.923538398 0.818372979 0.755614534
0.9241005 0.817566936 0.754121481
0.924657451 0.8167561 0.752627281
0.925209249 0.815940479 0.751131947
0.925755894 0.81512008 0.749635493
0.926297382 0.814294907 0.748137932
0.926833712 0.813464968 0.746639279
0.927364883 0.812630268 0.745139548
0.927890893 0.811790815 0.743638751
0.928411739 0.810946614 0.742136902
0.928927421 0.810097672 0.740634016
0.929437936 0.809243995 0.739130106
0.929943283 0.808385589 0.737625185
0.93044346 0.807522462 0.736119268
0.930938466 0.806654619 0.734612367
0.931428299 0.805782067 0.733104497
0.931912957 0.804904813 0.731595671
0.932392439 0.804022863 0.730085903
0.932866743 0.803136224 0.728575206
0.933335868 0.802244902 0.727063593
0.933799812 0.801348904 0.72555108
0.934258574 0.800448237 0.724037677
0.934712152 0.799542907 0.722523401
0.935160545 0.798632921 0.721008263
0.935603751 0.797718285 0.719492277
0.936041769 0.796799007 0.717975458
0.936474598 0.795875094 0.716457817
0.936902235 0.794946551 0.714939369
0.93732468 0.794013386 0.713420127
0.937741932 0.793075605 0.711900105
0.938153988 0.792133216 0.710379315
0.938560849 0.791186226 0.708857772
0.938962511 0.79023464 0.707335488
0.939358975 0.789278467 0.705812477
0.939750239 0.788317713 0.704288753
0.940136302 0.787352385 0.702764327
0.940517162 0.78638249 0.701239215
0.940892818 0.785408035 0.699713428
0.94126327 0.784429027 0.698186981
0.941628516 0.783445473 0.696659886
0.941988555 0.78245738 0.695132156
0.942343385 0.781464755 0.693603806
0.942693007 0.780467606 0.692074847
0.943037418 0.779465939 0.690545294
0.943376618 0.778459761 0.689015159
0.943710605 0.777449081 0.687484455
0.94403938 0.776433904 0.685953196
0.94436294 0.775414238 0.684421394
0.944681285 0.77439009 0.682889063
0.944994414 0.773361468 0.681356216
0.945302326 0.772328379 0.679822865
0.94560502 0.77129083 0.678289024
0.945902496 0.770248828 0.676754705
0.946194752 0.76920238 0.675219922
0.946481788 0.768151495 0.673684688
0.946763603 0.767096178 0.672149015
0.947040196 0.766036439 0.670612916
0.947311567 0.764972283 0.669076405
0.947577715 0.763903718 0.667539494
0.947838639 0.762830752 0.666002195
0.948094338 0.761753392 0.664464523
0.948344812 0.760671645 0.662926489
0.948590061 0.75958552 0.661388106
0.948830083 0.758495023 0.659849388
0.949064878 0.757400161 0.658310346
0.949294446 0.756300943 0.656770994
0.949518787 0.755197376 0.655231345
0.949737899 0.754089467 0.65369141
0.949951782 0.752977224 0.652151203
0.950160436 0.751860654 0.650610736
0.95036386 0.750739765 0.649070022
0.950562055 0.749614565 0.647529074
0.950755019 0.74848506 0.645987903
0.950942753 0.747351259 0.644446523
0.951125255 0.74621317 0.642904947
0.951302527 0.745070799 0.641363186
0.951474567 0.743924154 0.639821253
0.951641375 0.742773243 0.638279161
0.951802952 0.741618074 0.636736922
0.951959296 0.740458654 0.635194548
0.952110409 0.739294992 0.633652052
0.952256289 0.738127093 0.632109447
0.952396937 0.736954967 0.630566744
0.952532352 0.735778621 0.629023956
0.952662536 0.734598062 0.627481096
0.952787486 0.733413299 0.625938175
0.952907205 0.732224338 0.624395206
0.95302169 0.731031189 0.622852202
0.953130944 0.729833857 0.621309173
0.953234966 0.728632352 0.619766133
0.953333755 0.727426681 0.618223094
0.953427313 0.726216851 0.616680068
0.953515639 0.72500287 0.615137067
0.953598733 0.723784747 0.613594103
0.953676597 0.722562488 0.612051188
0.953749229 0.721336101 0.610508335
0.953816631 0.720105595 0.608965555
0.953878802 0.718870978 0.60742286
0.953935744 0.717632255 0.605880263
0.953987456 0.716389437 0.604337775
0.954033938 0.715142529 0.602795409
0.954075192 0.713891541 0.601253176
0.954111218 0.71263648 0.599711088
0.954142016 0.711377353 0.598169157
0.954167586 0.710114169 0.596627395
0.95418793 0.708846935 0.595085813
0.954203048 0.707575659 0.593544425
0.954212941 0.706300348 0.59200324
0.954217608 0.705021011 0.590462272
0.954217051 0.703737656 0.588921532
0.954211271 0.702450289 0.587381031
0.954200268 0.701158919 0.585840781
0.954184043 0.699863554 0.584300795
0.954162597 0.698564201 0.582761083
0.95413593 0.697260868 0.581221657
0.954104044 0.695953563 0.579682529
0.954066939 0.694642293 0.57814371
0.954024616 0.693327067 0.576605212
0.953977076 0.692007892 0.575067047
0.953924321 0.690684775 0.573529225
0.95386635 0.689357725 0.571991759
0.953803166 0.68802675 0.57045466
0.953734769 0.686691856 0.568917939
0.95366116 0.685353052 0.567381607
0.95358234 0.684010345 0.565845677
0.953498311 0.682663744 0.564310159
0.953409073 0.681313255 0.562775065
0.953314629 0.679958886 0.561240406
0.953214978 0.678600645 0.559706193
0.953110123 0.67723854 0.558172437
0.953000064 0.675872579 0.556639151
0.952884803 0.674502768 0.555106344
0.952764342 0.673129116 0.553574028
0.952638681 0.67175163 0.552042215
0.952507822 0.670370318 0.550510915
0.952371767 0.668985187 0.548980139
0.952230517 0.667596244 0.547449899
0.952084073 0.666203499 0.545920205
0.951932437 0.664806957 0.544391069
0.951775611 0.663406626 0.542862502
0.951613597 0.662002514 0.541334514
0.951446395 0.660594629 0.539807117
0.951274007 0.659182977 0.53828032
0.951096436 0.657767567 0.536754137
0.950913682 0.656348405 0.535228576
0.950725748 0.6549255 0.533703649
0.950532636 0.653498857 0.532179367
0.950334347 0.652068485 0.530655741
0.950130882 0.650634392 0.529132781
0.949922245 0.649196583 0.527610498
0.949708437 0.647755068 0.526088902
0.949489459 0.646309852 0.524568005
0.949265315 0.644860943 0.523047817
0.949036005 0.643408348 0.521528349
0.948801531 0.641952075 0.520009611
0.948561897 0.64049213 0.518491614
0.948317104 0.639028521 0.516974368
0.948067153 0.637561255 0.515457884
0.947812048 0.636090339 0.513942173
0.947551791 0.634615779 0.512427244
0.947286383 0.633137583 0.510913109
0.947015827 0.631655757 0.509399777
0.946740125 0.63017031 0.507887259
0.946459279 0.628681246 0.506375566
0.946173293 0.627188574 0.504864708
0.945882168 0.625692301 0.503354694
0.945585906 0.624192432 0.501845536
0.945284511 0.622688974 0.500337243
0.944977984 0.621181935 0.498829826
0.944666328 0.619671321 0.497323296
0.944349546 0.618157138 0.495817661
0.94402764 0.616639394 0.494312932
0.943700613 0.615118094 0.49280912
0.943368467 0.613593245 0.491306235
0.943031205 0.612064853 0.489804285
0.942688831 0.610532926 0.488303283
0.942341345 0.608997468 0.486803237
0.941988753 0.607458487 0.485304157
0.941631055 0.605915989 0.483806054
0.941268255 0.604369979 0.482308937
0.940900356 0.602820464 0.480812817
0.940527361 0.601267451 0.479317703
0.940149272 0.599710944 0.477823604
0.939766094 0.59815095 0.476330532
0.939377827 0.596587475 0.474838494
0.938984477 0.595020525 0.473347503
0.938586045 0.593450105 0.471857566
0.938182535 0.591876221 0.470368694
0.937773949 0.590298879 0.468880896
0.937360292 0.588718085 0.467394182
0.936941566 0.587133843 0.465908562
0.936517775 0.585546159 0.464424045
0.936088921 0.583955039 0.462940641
0.935655009 0.582360488 0.461458359
0.935216041 0.580762512 0.459977209
0.93477202 0.579161114 0.458497201
0.934322951 0.577556301 0.457018343
0.933868836 0.575948077 0.455540645
0.933409679 0.574336448 0.454064116
0.932945484 0.572721417 0.452588767
0.932476254 0.571102991 0.451114606
0.932001992 0.569481173 0.449641642
0.931522703 0.567855968 0.448169885
0.931038389 0.566227381 0.446699344
0.930549055 0.564595416 0.445230028
0.930054703 0.562960077 0.443761947
0.929555339 0.561321368 0.442295109
0.929050965 0.559679294 0.440829525
0.928541586 0.558033859 0.439365202
0.928027204 0.556385067 0.43790215
0.927507825 0.554732921 0.436440378
0.926983452 0.553077424 0.434979895
0.926454088 0.551418582 0.43352071
0.925919739 0.549756397 0.432062832
0.925380407 0.548090872 0.43060627
0.924836097 0.546422011 0.429151033
0.924286813 0.544749818 0.427697129
0.923732558 0.543074294 0.426244568
0.923173338 0.541395443 0.424793359
0.922609156 0.539713268 0.42334351
0.922040016 0.538027771 0.421895029
0.921465923 0.536338955 0.420447927
0.920886881 0.534646823 0.419002211
0.920302894 0.532951376 0.41755789
0.919713967 0.531252617 0.416114973
0.919120103 0.529550547 0.414673468
0.918521308 0.527845169 0.413233384
0.917917585 0.526136485 0.41179473
0.917308939 0.524424495 0.410357514
0.916695375 0.522709201 0.408921745
0.916076897 0.520990605 0.407487431
0.915453509 0.519268707 0.40605458
0.914825217 0.517543509 0.404623202
0.914192025 0.515815011 0.403193304
0.913553937 0.514083213 0.401764895
0.912910958 0.512348117 0.400337983
0.912263094 0.510609723 0.398912577
0.911610347 0.508868029 0.397488684
0.910952725 0.507123037 0.396066313
0.91029023 0.505374746 0.394645473
0.909622869 0.503623156 0.393226172
0.908950646 0.501868265 0.391808417
0.908273566 0.500110073 0.390392217
0.907591633 0.498348579 0.38897758
0.906904854 0.496583781 0.387564514
0.906213232 0.494815678 0.386153027
0.905516773 0.493044268 0.384743127
0.904815483 0.49126955 0.383334823
0.904109365 0.48949152 0.381928122
0.903398426 0.487710177 0.380523032
0.90268267 0.485925517 0.379119562
0.901962104 0.484137538 0.377717718
0.901236731 0.482346237 0.376317509
0.900506557 0.48055161 0.374918943
0.899771588 0.478753653 0.373522028
0.899031829 0.476952363 0.372126771
0.898287285 0.475147735 0.37073318
0.897537962 0.473339764 0.369341263
0.896783866 0.471528447 0.367951028
0.896025001 0.469713777 0.366562481
0.895261373 0.46789575 0.365175632
0.894492988 0.466074359 0.363790488
0.893719852 0.464249599 0.362407056
0.892941969 0.462421463 0.361025343
0.892159346 0.460589945 0.359645358
0.891371989 0.458755037 0.358267108
0.890579903 0.456916733 0.3568906
0.889783093 0.455075024 0.355515842
0.888981567 0.453229902 0.354142841
0.888175328 0.451381359 0.352771605
0.887364384 0.449529386 0.35140214
0.886548741 0.447673975 0.350034456
0.885728403 0.445815114 0.348668558
0.884903377 0.443952795 0.347304454
0.88407367 0.442087006 0.345942152
0.883239287 0.440217738 0.344581658
0.882400234 0.438344978 0.34322298
0.881556517 0.436468715 0.341866125
0.880708143 0.434588936 0.340511101
0.879855117 0.43270563 0.339157913
0.878997446 0.430818783 0.337806571
0.878135136 0.42892838 0.33645708
0.877268193 0.427034409 0.335109447
0.876396623 0.425136854 0.333763681
0.875520434 0.4232357 0.332419787
0.874639631 0.421330932 0.331077772
0.87375422 0.419422533 0.329737645
0.872864209 0.417510485 0.328399411
0.871969602 0.415594773 0.327063078
0.871070408 0.413675376 0.325728652
0.870166633 0.411752278 0.324396141
0.869258282 0.409825458 0.323065551
0.868345363 0.407894897 0.321736889
0.867427882 0.405960573 0.320410161
0.866505847 0.404022465 0.319085375
0.865579263 0.402080552 0.317762538
0.864648137 0.40013481 0.316441655
0.863712476 0.398185215 0.315122734
0.862772287 0.396231744 0.313805782
0.861827577 0.394274372 0.312490804
0.860878353 0.392313071 0.311177808
0.85992462 0.390347816 0.3098668
0.858966388 0.388378579 0.308557788
0.858003661 0.386405331 0.307250776
0.857036448 0.384428043 0.305945772
0.856064755 0.382446684 0.304642783
0.85508859 0.380461223 0.303341814
0.854107959 0.378471627 0.302042873
0.853122869 0.376477863 0.300745965
0.852133328 0.374479897 0.299451097
0.851139343 0.372477694 0.298158276
0.850140922 0.370471215 0.296867507
0.84913807 0.368460424 0.295578798
0.848130796 0.366445281 0.294292154
0.847119108 0.364425747 0.293007581
0.846103011 0.362401779 0.291725087
0.845082514 0.360373334 0.290444677
0.844057624 0.35834037 0.289166357
0.843028349 0.356302839 0.287890134
0.841994695 0.354260696 0.286616013
0.840956671 0.352213891 0.285344002
0.839914285 0.350162374 0.284074105
0.838867542 0.348106094 0.282806329
0.837816452 0.346044997 0.281540681
0.836761022 0.343979029 0.280277166
0.835701259 0.341908132 0.27901579
0.834637172 0.339832249 0.277756559
0.833568767 0.337751319 0.27649948
0.832496053 0.335665279 0.275244558
0.831419037 0.333574065 0.273991799
0.830337728 0.331477612 0.272741209
0.829252133 0.329375849 0.271492794
0.82816226 0.327268706 0.270246559
0.827068117 0.325156111 0.269002512
0.825969712 0.323037988 0.267760657
0.824867053 0.320914258 0.266521001
0.823760148 0.318784842 0.265283548
0.822649005 0.316649656 0.264048306
0.821533631 0.314508613 0.262815279
0.820414036 0.312361626 0.261584474
0.819290228 0.310208602 0.260355896
0.818162214 0.308049446 0.259129551
0.817030002 0.30588406 0.257905444
0.815893602 0.303712343 0.256683582
0.81475302 0.301534189 0.255463969
0.813608267 0.29934949 0.254246612
0.812459349 0.297158133 0.253031515
0.811306275 0.294960002 0.251818686
0.810149054 0.292754975 0.250608129
0.808987694 0.29054293 0.249399849
0.807822204 0.288323735 0.248193853
0.806652591 0.286097257 0.246990145
0.805478865 0.283863357 0.245788732
0.804301034 0.281621891 0.244589618
0.803119107 0.27937271 0.24339281
0.801933092 0.277115659 0.242198312
0.800742997 0.274850577 0.241006131
0.799548833 0.272577297 0.239816271
0.798350606 0.270295647 0.238628737
0.797148327 0.268005446 0.237443536
0.795942004 0.265706507 0.236260673
0.794731645 0.263398637 0.235080152
0.793517259 0.261081632 0.23390198
0.792298856 0.258755284 0.232726161
0.791076444 0.256419374 0.231552701
0.789850032 0.254073673 0.230381606
0.788619629 0.251717945 0.229212879
0.787385244 0.249351942 0.228046527
0.786146886 0.246975408 0.226882556
0.784904564 0.244588073 0.225720969
0.783658287 0.242189658 0.224561772
0.782408065 0.239779869 0.223404971
0.781153905 0.237358402 0.222250571
0.779895819 0.234924936 0.221098577
0.778633814 0.232479137 0.219948993
0.7773679 0.230020657 0.218801826
0.776098086 0.227549128 0.217657079
0.774824382 0.225064167 0.21651476
0.773546796 0.222565373 0.215374871
0.772265339 0.220052322 0.214237419
0.770980019 0.217524573 0.213102409
0.769690846 0.21498166 0.211969846
0.768397829 0.212423093 0.210839734
0.767100978 0.209848358 0.209712079
0.765800303 0.207256911 0.208586885
0.764495812 0.204648181 0.207464159
0.763187515 0.202021565 0.206343904
0.761875423 0.199376426 0.205226127
0.760559544 0.196712089 0.204110831
0.759239888 0.194027841 0.202998022
0.757916465 0.191322927 0.201887704
0.756589284 0.188596547 0.200779884
0.755258356 0.185847848 0.199674565
0.753923689 0.183075926 0.198571752
0.752585295 0.180279819 0.197471452
0.751243182 0.177458499 0.196373668
0.74989736 0.17461087 0.195278405
0.74854784 0.17173576 0.194185668
0.747194631 0.168831915 0.193095463
0.745837743 0.165897986 0.192007794
0.744477186 0.162932529 0.190922666
0.74311297 0.159933984 0.189840085
0.741745105 0.156900671 0.188760053
0.740373601 0.153830775 0.187682578
0.738998468 0.150722327 0.186607663
0.737619717 0.147573189 0.185535314
0.736237356 0.144381037 0.184465535
0.734851398 0.141143329 0.183398331
0.733461851 0.137857285 0.182333707
0.732068725 0.134519853 0.181271668
0.730672032 0.131127669 0.180212219
0.729271782 0.127677014 0.179155365
0.727867983 0.12416376 0.17810111
0.726460648 0.120583308 0.177049459
0.725049786 0.116930508 0.176000417
0.723635408 0.113199564 0.17495399
0.722217524 0.109383924 0.173910181
0.720796145 0.105476129 0.172868996
0.71937128 0.101467639 0.171830439
0.717942941 0.0973486 0.170794516
0.716511137 0.093107553 0.16976123
0.715075881 0.088731046 0.168730588
0.713637181 0.084203133 0.167702594
0.712195049 0.079504676 0.166677252
0.710749495 0.074612404 0.165654568
0.709300529 0.069497566 0.164634546
0.707848164 0.064123976 0.163617192
0.706392408 0.058445066 0.162602509
0.704933274 0.052399266 0.161590504
0.703470771 0.045902366 0.16058118
0.702004911 0.038825966 0.159574543
0.700535704 0.031506796 0.158570598
0.699063161 0.024261246 0.157569348
0.697587293 0.017089147 0.156570801
0.69610811 0.009990327 0.155574959
0.694625625 0.00296461 0.154581828
