0.333333 0.282352 0.756862
0.337254 0.286274 0.756862
0.337254 0.286274 0.760784
0.337254 0.290196 0.760784
0.337254 0.290196 0.760784
0.341176 0.290196 0.764705
0.341176 0.294117 0.764705
0.341176 0.294117 0.768627
0.345098 0.298039 0.768627
0.345098 0.298039 0.768627
0.345098 0.30196 0.772549
0.345098 0.30196 0.772549
0.349019 0.305882 0.77647
0.349019 0.305882 0.77647
0.349019 0.305882 0.77647
0.349019 0.309803 0.780392
0.352941 0.309803 0.780392
0.352941 0.313725 0.784313
0.352941 0.313725 0.784313
0.352941 0.317647 0.784313
0.356862 0.317647 0.788235
0.356862 0.321568 0.788235
0.356862 0.321568 0.788235
0.360784 0.321568 0.792156
0.360784 0.32549 0.792156
0.360784 0.32549 0.796078
0.360784 0.329411 0.796078
0.364705 0.329411 0.796078
0.364705 0.333333 0.8
0.364705 0.333333 0.8
0.364705 0.337254 0.8
0.368627 0.337254 0.803921
0.368627 0.337254 0.803921
0.368627 0.341176 0.803921
0.368627 0.341176 0.807843
0.372549 0.345098 0.807843
0.372549 0.345098 0.811764
0.372549 0.349019 0.811764
0.37647 0.349019 0.811764
0.37647 0.352941 0.815686
0.37647 0.352941 0.815686
0.37647 0.352941 0.815686
0.380392 0.356862 0.819607
0.380392 0.356862 0.819607
0.380392 0.360784 0.819607
0.380392 0.360784 0.823529
0.384313 0.364705 0.823529
0.384313 0.364705 0.823529
0.384313 0.368627 0.82745
0.388235 0.368627 0.82745
0.388235 0.368627 0.82745
0.388235 0.372549 0.831372
0.388235 0.372549 0.831372
0.392156 0.37647 0.835294
0.392156 0.37647 0.835294
0.392156 0.380392 0.835294
0.392156 0.380392 0.839215
0.396078 0.380392 0.839215
0.396078 0.384313 0.839215
0.396078 0.384313 0.843137
0.396078 0.388235 0.843137
0.4 0.388235 0.843137
0.4 0.392156 0.847058
0.4 0.392156 0.847058
0.403921 0.392156 0.847058
0.403921 0.396078 0.85098
0.403921 0.396078 0.85098
0.403921 0.4 0.85098
0.407843 0.4 0.85098
0.407843 0.403921 0.854901
0.407843 0.403921 0.854901
0.407843 0.403921 0.854901
0.411764 0.407843 0.858823
0.411764 0.407843 0.858823
0.411764 0.411764 0.858823
0.415686 0.411764 0.862745
0.415686 0.415686 0.862745
0.415686 0.415686 0.862745
0.415686 0.415686 0.866666
0.419607 0.419607 0.866666
0.419607 0.419607 0.866666
0.419607 0.423529 0.870588
0.419607 0.423529 0.870588
0.423529 0.42745 0.870588
0.423529 0.42745 0.874509
0.423529 0.42745 0.874509
0.42745 0.431372 0.874509
0.42745 0.431372 0.874509
0.42745 0.435294 0.878431
0.42745 0.435294 0.878431
0.431372 0.439215 0.878431
0.431372 0.439215 0.882352
0.431372 0.439215 0.882352
0.431372 0.443137 0.882352
0.435294 0.443137 0.882352
0.435294 0.447058 0.886274
0.435294 0.447058 0.886274
0.435294 0.45098 0.886274
0.439215 0.45098 0.890196
0.439215 0.45098 0.890196
0.439215 0.454901 0.890196
0.443137 0.454901 0.890196
0.443137 0.458823 0.894117
0.443137 0.458823 0.894117
0.443137 0.458823 0.894117
0.447058 0.462745 0.898039
0.447058 0.462745 0.898039
0.447058 0.466666 0.898039
0.447058 0.466666 0.898039
0.45098 0.470588 0.90196
0.45098 0.470588 0.90196
0.45098 0.470588 0.90196
0.454901 0.474509 0.905882
0.454901 0.474509 0.905882
0.454901 0.478431 0.905882
0.454901 0.478431 0.905882
0.458823 0.478431 0.909803
0.458823 0.482352 0.909803
0.458823 0.482352 0.909803
0.462745 0.486274 0.909803
0.462745 0.486274 0.913725
0.462745 0.486274 0.913725
0.462745 0.490196 0.913725
0.466666 0.490196 0.913725
0.466666 0.494117 0.917647
0.466666 0.494117 0.917647
0.466666 0.494117 0.917647
0.470588 0.498039 0.917647
0.470588 0.498039 0.921568
0.470588 0.50196 0.921568
0.474509 0.50196 0.921568
0.474509 0.505882 0.921568
0.474509 0.505882 0.92549
0.474509 0.505882 0.92549
0.478431 0.509803 0.92549
0.478431 0.509803 0.92549
0.478431 0.513725 0.929411
0.478431 0.513725 0.929411
0.482352 0.513725 0.929411
0.482352 0.517647 0.929411
0.482352 0.517647 0.929411
0.486274 0.521568 0.933333
0.486274 0.521568 0.933333
0.486274 0.521568 0.933333
0.486274 0.52549 0.933333
0.490196 0.52549 0.937254
0.490196 0.529411 0.937254
0.490196 0.529411 0.937254
0.494117 0.529411 0.937254
0.494117 0.533333 0.941176
0.494117 0.533333 0.941176
0.494117 0.533333 0.941176
0.498039 0.537254 0.941176
0.498039 0.537254 0.941176
0.498039 0.541176 0.945098
0.498039 0.541176 0.945098
0.50196 0.541176 0.945098
0.50196 0.545098 0.945098
0.50196 0.545098 0.945098
0.505882 0.549019 0.949019
0.505882 0.549019 0.949019
0.505882 0.549019 0.949019
0.505882 0.552941 0.949019
0.509803 0.552941 0.949019
0.509803 0.556862 0.952941
0.509803 0.556862 0.952941
0.513725 0.556862 0.952941
0.513725 0.560784 0.952941
0.513725 0.560784 0.952941
0.513725 0.560784 0.956862
0.517647 0.564705 0.956862
0.517647 0.564705 0.956862
0.517647 0.568627 0.956862
0.517647 0.568627 0.956862
0.521568 0.568627 0.956862
0.521568 0.572549 0.960784
0.521568 0.572549 0.960784
0.52549 0.57647 0.960784
0.52549 0.57647 0.960784
0.52549 0.57647 0.960784
0.52549 0.580392 0.964705
0.529411 0.580392 0.964705
0.529411 0.580392 0.964705
0.529411 0.584313 0.964705
0.533333 0.584313 0.964705
0.533333 0.588235 0.964705
0.533333 0.588235 0.968627
0.533333 0.588235 0.968627
0.537254 0.592156 0.968627
0.537254 0.592156 0.968627
0.537254 0.592156 0.968627
0.537254 0.596078 0.968627
0.541176 0.596078 0.972549
0.541176 0.596078 0.972549
0.541176 0.6 0.972549
0.545098 0.6 0.972549
0.545098 0.603921 0.972549
0.545098 0.603921 0.972549
0.545098 0.603921 0.972549
0.549019 0.607843 0.97647
0.549019 0.607843 0.97647
0.549019 0.607843 0.97647
0.552941 0.611764 0.97647
0.552941 0.611764 0.97647
0.552941 0.611764 0.97647
0.552941 0.615686 0.97647
0.556862 0.615686 0.980392
0.556862 0.619607 0.980392
0.556862 0.619607 0.980392
0.560784 0.619607 0.980392
0.560784 0.623529 0.980392
0.560784 0.623529 0.980392
0.560784 0.623529 0.980392
0.564705 0.62745 0.980392
0.564705 0.62745 0.984313
0.564705 0.62745 0.984313
0.568627 0.631372 0.984313
0.568627 0.631372 0.984313
0.568627 0.631372 0.984313
0.568627 0.635294 0.984313
0.572549 0.635294 0.984313
0.572549 0.635294 0.984313
0.572549 0.639215 0.984313
0.572549 0.639215 0.988235
0.57647 0.643137 0.988235
0.57647 0.643137 0.988235
0.57647 0.643137 0.988235
0.580392 0.647058 0.988235
0.580392 0.647058 0.988235
0.580392 0.647058 0.988235
0.580392 0.65098 0.988235
0.584313 0.65098 0.988235
0.584313 0.65098 0.992156
0.584313 0.654901 0.992156
0.588235 0.654901 0.992156
0.588235 0.654901 0.992156
0.588235 0.658823 0.992156
0.588235 0.658823 0.992156
0.592156 0.658823 0.992156
0.592156 0.662745 0.992156
0.592156 0.662745 0.992156
0.596078 0.662745 0.992156
0.596078 0.666666 0.992156
0.596078 0.666666 0.992156
0.596078 0.666666 0.996078
0.6 0.670588 0.996078
0.6 0.670588 0.996078
0.6 0.670588 0.996078
0.603921 0.674509 0.996078
0.603921 0.674509 0.996078
0.603921 0.674509 0.996078
0.603921 0.678431 0.996078
0.607843 0.678431 0.996078
0.607843 0.678431 0.996078
0.607843 0.678431 0.996078
0.607843 0.682352 0.996078
0.611764 0.682352 0.996078
0.611764 0.682352 0.996078
0.611764 0.686274 0.996078
0.615686 0.686274 1.0
0.615686 0.686274 1.0
0.615686 0.690196 1.0
0.615686 0.690196 1.0
0.619607 0.690196 1.0
0.619607 0.694117 1.0
0.619607 0.694117 1.0
0.623529 0.694117 1.0
0.623529 0.698039 1.0
0.623529 0.698039 1.0
0.623529 0.698039 1.0
0.62745 0.698039 1.0
0.62745 0.70196 1.0
0.62745 0.70196 1.0
0.631372 0.70196 1.0
0.631372 0.705882 1.0
0.631372 0.705882 1.0
0.631372 0.705882 1.0
0.635294 0.709803 1.0
0.635294 0.709803 1.0
0.635294 0.709803 1.0
0.639215 0.709803 1.0
0.639215 0.713725 1.0
0.639215 0.713725 1.0
0.639215 0.713725 1.0
0.643137 0.717647 1.0
0.643137 0.717647 1.0
0.643137 0.717647 1.0
0.643137 0.721568 1.0
0.647058 0.721568 1.0
0.647058 0.721568 1.0
0.647058 0.721568 1.0
0.65098 0.72549 1.0
0.65098 0.72549 1.0
0.65098 0.72549 1.0
0.65098 0.729411 1.0
0.654901 0.729411 1.0
0.654901 0.729411 1.0
0.654901 0.729411 1.0
0.658823 0.733333 1.0
0.658823 0.733333 1.0
0.658823 0.733333 1.0
0.658823 0.737254 1.0
0.662745 0.737254 1.0
0.662745 0.737254 1.0
0.662745 0.737254 1.0
0.662745 0.741176 1.0
0.666666 0.741176 1.0
0.666666 0.741176 1.0
0.666666 0.741176 1.0
0.670588 0.745098 1.0
0.670588 0.745098 1.0
0.670588 0.745098 1.0
0.670588 0.749019 1.0
0.674509 0.749019 1.0
0.674509 0.749019 1.0
0.674509 0.749019 1.0
0.678431 0.752941 1.0
0.678431 0.752941 1.0
0.678431 0.752941 1.0
0.678431 0.752941 1.0
0.682352 0.756862 1.0
0.682352 0.756862 1.0
0.682352 0.756862 1.0
0.682352 0.756862 1.0
0.686274 0.760784 1.0
0.686274 0.760784 1.0
0.686274 0.760784 1.0
0.690196 0.760784 1.0
0.690196 0.764705 1.0
0.690196 0.764705 1.0
0.690196 0.764705 0.996078
0.694117 0.764705 0.996078
0.694117 0.768627 0.996078
0.694117 0.768627 0.996078
0.694117 0.768627 0.996078
0.698039 0.768627 0.996078
0.698039 0.772549 0.996078
0.698039 0.772549 0.996078
0.70196 0.772549 0.996078
0.70196 0.772549 0.996078
0.70196 0.77647 0.996078
0.70196 0.77647 0.996078
0.705882 0.77647 0.996078
0.705882 0.77647 0.996078
0.705882 0.77647 0.996078
0.705882 0.780392 0.992156
0.709803 0.780392 0.992156
0.709803 0.780392 0.992156
0.709803 0.780392 0.992156
0.713725 0.784313 0.992156
0.713725 0.784313 0.992156
0.713725 0.784313 0.992156
0.713725 0.784313 0.992156
0.717647 0.788235 0.992156
0.717647 0.788235 0.992156
0.717647 0.788235 0.992156
0.717647 0.788235 0.988235
0.721568 0.788235 0.988235
0.721568 0.792156 0.988235
0.721568 0.792156 0.988235
0.72549 0.792156 0.988235
0.72549 0.792156 0.988235
0.72549 0.792156 0.988235
0.72549 0.796078 0.988235
0.729411 0.796078 0.988235
0.729411 0.796078 0.988235
0.729411 0.796078 0.984313
0.729411 0.8 0.984313
0.733333 0.8 0.984313
0.733333 0.8 0.984313
0.733333 0.8 0.984313
0.733333 0.8 0.984313
0.737254 0.803921 0.984313
0.737254 0.803921 0.984313
0.737254 0.803921 0.984313
0.737254 0.803921 0.980392
0.741176 0.803921 0.980392
0.741176 0.807843 0.980392
0.741176 0.807843 0.980392
0.745098 0.807843 0.980392
0.745098 0.807843 0.980392
0.745098 0.807843 0.980392
0.745098 0.811764 0.980392
0.749019 0.811764 0.97647
0.749019 0.811764 0.97647
0.749019 0.811764 0.97647
0.749019 0.811764 0.97647
0.752941 0.811764 0.97647
0.752941 0.815686 0.97647
0.752941 0.815686 0.97647
0.752941 0.815686 0.972549
0.756862 0.815686 0.972549
0.756862 0.815686 0.972549
0.756862 0.819607 0.972549
0.756862 0.819607 0.972549
0.760784 0.819607 0.972549
0.760784 0.819607 0.972549
0.760784 0.819607 0.968627
0.760784 0.819607 0.968627
0.764705 0.823529 0.968627
0.764705 0.823529 0.968627
0.764705 0.823529 0.968627
0.768627 0.823529 0.968627
0.768627 0.823529 0.964705
0.768627 0.823529 0.964705
0.768627 0.82745 0.964705
0.772549 0.82745 0.964705
0.772549 0.82745 0.964705
0.772549 0.82745 0.964705
0.772549 0.82745 0.960784
0.77647 0.82745 0.960784
0.77647 0.831372 0.960784
0.77647 0.831372 0.960784
0.77647 0.831372 0.960784
0.780392 0.831372 0.960784
0.780392 0.831372 0.956862
0.780392 0.831372 0.956862
0.780392 0.831372 0.956862
0.784313 0.835294 0.956862
0.784313 0.835294 0.956862
0.784313 0.835294 0.952941
0.784313 0.835294 0.952941
0.788235 0.835294 0.952941
0.788235 0.835294 0.952941
0.788235 0.835294 0.952941
0.788235 0.839215 0.949019
0.792156 0.839215 0.949019
0.792156 0.839215 0.949019
0.792156 0.839215 0.949019
0.792156 0.839215 0.949019
0.792156 0.839215 0.945098
0.796078 0.839215 0.945098
0.796078 0.839215 0.945098
0.796078 0.843137 0.945098
0.796078 0.843137 0.945098
0.8 0.843137 0.941176
0.8 0.843137 0.941176
0.8 0.843137 0.941176
0.8 0.843137 0.941176
0.803921 0.843137 0.941176
0.803921 0.843137 0.937254
0.803921 0.847058 0.937254
0.803921 0.847058 0.937254
0.807843 0.847058 0.937254
0.807843 0.847058 0.937254
0.807843 0.847058 0.933333
0.807843 0.847058 0.933333
0.811764 0.847058 0.933333
0.811764 0.847058 0.933333
0.811764 0.847058 0.929411
0.811764 0.85098 0.929411
0.815686 0.85098 0.929411
0.815686 0.85098 0.929411
0.815686 0.85098 0.92549
0.815686 0.85098 0.92549
0.815686 0.85098 0.92549
0.819607 0.85098 0.92549
0.819607 0.85098 0.92549
0.819607 0.85098 0.921568
0.819607 0.854901 0.921568
0.823529 0.854901 0.921568
0.823529 0.854901 0.921568
0.823529 0.854901 0.917647
0.823529 0.854901 0.917647
0.82745 0.854901 0.917647
0.82745 0.854901 0.917647
0.82745 0.854901 0.913725
0.82745 0.854901 0.913725
0.82745 0.854901 0.913725
0.831372 0.854901 0.913725
0.831372 0.854901 0.909803
0.831372 0.858823 0.909803
0.831372 0.858823 0.909803
0.835294 0.858823 0.909803
0.835294 0.858823 0.905882
0.835294 0.858823 0.905882
0.835294 0.858823 0.905882
0.835294 0.858823 0.905882
0.839215 0.858823 0.90196
0.839215 0.858823 0.90196
0.839215 0.858823 0.90196
0.839215 0.858823 0.898039
0.843137 0.858823 0.898039
0.843137 0.858823 0.898039
0.843137 0.858823 0.898039
0.843137 0.862745 0.894117
0.843137 0.862745 0.894117
0.847058 0.862745 0.894117
0.847058 0.862745 0.894117
0.847058 0.862745 0.890196
0.847058 0.862745 0.890196
0.847058 0.862745 0.890196
0.85098 0.862745 0.886274
0.85098 0.862745 0.886274
0.85098 0.862745 0.886274
0.85098 0.862745 0.886274
0.854901 0.862745 0.882352
0.854901 0.862745 0.882352
0.854901 0.862745 0.882352
0.854901 0.862745 0.878431
0.854901 0.862745 0.878431
0.858823 0.862745 0.878431
0.858823 0.862745 0.878431
0.858823 0.862745 0.874509
0.858823 0.862745 0.874509
0.858823 0.862745 0.874509
0.862745 0.866666 0.870588
0.862745 0.866666 0.870588
0.862745 0.866666 0.870588
0.862745 0.866666 0.866666
0.862745 0.866666 0.866666
0.866666 0.866666 0.866666
0.866666 0.866666 0.862745
0.866666 0.866666 0.862745
0.866666 0.862745 0.862745
0.870588 0.862745 0.858823
0.870588 0.862745 0.858823
0.870588 0.862745 0.858823
0.870588 0.862745 0.854901
0.870588 0.862745 0.854901
0.874509 0.862745 0.854901
0.874509 0.862745 0.85098
0.874509 0.858823 0.85098
0.874509 0.858823 0.85098
0.878431 0.858823 0.847058
0.878431 0.858823 0.847058
0.878431 0.858823 0.847058
0.878431 0.858823 0.843137
0.882352 0.858823 0.843137
0.882352 0.858823 0.839215
0.882352 0.854901 0.839215
0.882352 0.854901 0.839215
0.882352 0.854901 0.835294
0.886274 0.854901 0.835294
0.886274 0.854901 0.835294
0.886274 0.854901 0.831372
0.886274 0.854901 0.831372
0.886274 0.854901 0.831372
0.890196 0.85098 0.82745
0.890196 0.85098 0.82745
0.890196 0.85098 0.82745
0.890196 0.85098 0.823529
0.890196 0.85098 0.823529
0.894117 0.85098 0.819607
0.894117 0.847058 0.819607
0.894117 0.847058 0.819607
0.894117 0.847058 0.815686
0.898039 0.847058 0.815686
0.898039 0.847058 0.815686
0.898039 0.847058 0.811764
0.898039 0.847058 0.811764
0.898039 0.843137 0.811764
0.898039 0.843137 0.807843
0.90196 0.843137 0.807843
0.90196 0.843137 0.803921
0.90196 0.843137 0.803921
0.90196 0.843137 0.803921
0.90196 0.839215 0.8
0.905882 0.839215 0.8
0.905882 0.839215 0.8
0.905882 0.839215 0.796078
0.905882 0.839215 0.796078
0.905882 0.839215 0.792156
0.905882 0.835294 0.792156
0.909803 0.835294 0.792156
0.909803 0.835294 0.788235
0.909803 0.835294 0.788235
0.909803 0.835294 0.788235
0.909803 0.835294 0.784313
0.913725 0.831372 0.784313
0.913725 0.831372 0.780392
0.913725 0.831372 0.780392
0.913725 0.831372 0.780392
0.913725 0.831372 0.77647
0.913725 0.82745 0.77647
0.917647 0.82745 0.77647
0.917647 0.82745 0.772549
0.917647 0.82745 0.772549
0.917647 0.82745 0.768627
0.917647 0.823529 0.768627
0.917647 0.823529 0.768627
0.917647 0.823529 0.764705
0.921568 0.823529 0.764705
0.921568 0.823529 0.764705
0.921568 0.819607 0.760784
0.921568 0.819607 0.760784
0.921568 0.819607 0.756862
0.921568 0.819607 0.756862
0.92549 0.819607 0.756862
0.92549 0.815686 0.752941
0.92549 0.815686 0.752941
0.92549 0.815686 0.752941
0.92549 0.815686 0.749019
0.92549 0.815686 0.749019
0.92549 0.811764 0.745098
0.92549 0.811764 0.745098
0.929411 0.811764 0.745098
0.929411 0.811764 0.741176
0.929411 0.811764 0.741176
0.929411 0.807843 0.737254
0.929411 0.807843 0.737254
0.929411 0.807843 0.737254
0.929411 0.807843 0.733333
0.933333 0.803921 0.733333
0.933333 0.803921 0.733333
0.933333 0.803921 0.729411
0.933333 0.803921 0.729411
0.933333 0.803921 0.72549
0.933333 0.8 0.72549
0.933333 0.8 0.72549
0.933333 0.8 0.721568
0.933333 0.8 0.721568
0.937254 0.796078 0.717647
0.937254 0.796078 0.717647
0.937254 0.796078 0.717647
0.937254 0.796078 0.713725
0.937254 0.792156 0.713725
0.937254 0.792156 0.713725
0.937254 0.792156 0.709803
0.937254 0.792156 0.709803
0.937254 0.792156 0.705882
0.941176 0.788235 0.705882
0.941176 0.788235 0.705882
0.941176 0.788235 0.70196
0.941176 0.788235 0.70196
0.941176 0.784313 0.698039
0.941176 0.784313 0.698039
0.941176 0.784313 0.698039
0.941176 0.784313 0.694117
0.941176 0.780392 0.694117
0.941176 0.780392 0.690196
0.941176 0.780392 0.690196
0.945098 0.780392 0.690196
0.945098 0.77647 0.686274
0.945098 0.77647 0.686274
0.945098 0.77647 0.686274
0.945098 0.772549 0.682352
0.945098 0.772549 0.682352
0.945098 0.772549 0.678431
0.945098 0.772549 0.678431
0.945098 0.768627 0.678431
0.945098 0.768627 0.674509
0.945098 0.768627 0.674509
0.945098 0.768627 0.670588
0.945098 0.764705 0.670588
0.949019 0.764705 0.670588
0.949019 0.764705 0.666666
0.949019 0.764705 0.666666
0.949019 0.760784 0.662745
0.949019 0.760784 0.662745
0.949019 0.760784 0.662745
0.949019 0.756862 0.658823
0.949019 0.756862 0.658823
0.949019 0.756862 0.654901
0.949019 0.756862 0.654901
0.949019 0.752941 0.654901
0.949019 0.752941 0.65098
0.949019 0.752941 0.65098
0.949019 0.749019 0.65098
0.949019 0.749019 0.647058
0.949019 0.749019 0.647058
0.949019 0.749019 0.643137
0.952941 0.745098 0.643137
0.952941 0.745098 0.643137
0.952941 0.745098 0.639215
0.952941 0.741176 0.639215
0.952941 0.741176 0.635294
0.952941 0.741176 0.635294
0.952941 0.741176 0.635294
0.952941 0.737254 0.631372
0.952941 0.737254 0.631372
0.952941 0.737254 0.62745
0.952941 0.733333 0.62745
0.952941 0.733333 0.62745
0.952941 0.733333 0.623529
0.952941 0.729411 0.623529
0.952941 0.729411 0.619607
0.952941 0.729411 0.619607
0.952941 0.72549 0.619607
0.952941 0.72549 0.615686
0.952941 0.72549 0.615686
0.952941 0.72549 0.611764
0.952941 0.721568 0.611764
0.952941 0.721568 0.611764
0.952941 0.721568 0.607843
0.952941 0.717647 0.607843
0.952941 0.717647 0.603921
0.952941 0.717647 0.603921
0.952941 0.713725 0.603921
0.952941 0.713725 0.6
0.952941 0.713725 0.6
0.952941 0.709803 0.6
0.952941 0.709803 0.596078
0.952941 0.709803 0.596078
0.952941 0.705882 0.592156
0.952941 0.705882 0.592156
0.952941 0.705882 0.592156
0.952941 0.70196 0.588235
0.952941 0.70196 0.588235
0.952941 0.70196 0.584313
0.952941 0.698039 0.584313
0.952941 0.698039 0.584313
0.952941 0.698039 0.580392
0.952941 0.694117 0.580392
0.952941 0.694117 0.57647
0.952941 0.694117 0.57647
0.952941 0.690196 0.57647
0.952941 0.690196 0.572549
0.952941 0.690196 0.572549
0.952941 0.686274 0.568627
0.952941 0.686274 0.568627
0.952941 0.686274 0.568627
0.952941 0.682352 0.564705
0.952941 0.682352 0.564705
0.952941 0.682352 0.564705
0.952941 0.678431 0.560784
0.952941 0.678431 0.560784
0.952941 0.678431 0.556862
0.952941 0.674509 0.556862
0.952941 0.674509 0.556862
0.952941 0.674509 0.552941
0.952941 0.670588 0.552941
0.952941 0.670588 0.549019
0.952941 0.670588 0.549019
0.952941 0.666666 0.549019
0.952941 0.666666 0.545098
0.952941 0.666666 0.545098
0.952941 0.662745 0.541176
0.952941 0.662745 0.541176
0.952941 0.658823 0.541176
0.952941 0.658823 0.537254
0.952941 0.658823 0.537254
0.949019 0.654901 0.533333
0.949019 0.654901 0.533333
0.949019 0.654901 0.533333
0.949019 0.65098 0.529411
0.949019 0.65098 0.529411
0.949019 0.65098 0.529411
0.949019 0.647058 0.52549
0.949019 0.647058 0.52549
0.949019 0.643137 0.521568
0.949019 0.643137 0.521568
0.949019 0.643137 0.521568
0.949019 0.639215 0.517647
0.949019 0.639215 0.517647
0.949019 0.639215 0.513725
0.949019 0.635294 0.513725
0.949019 0.635294 0.513725
0.949019 0.631372 0.509803
0.945098 0.631372 0.509803
0.945098 0.631372 0.509803
0.945098 0.62745 0.505882
0.945098 0.62745 0.505882
0.945098 0.62745 0.50196
0.945098 0.623529 0.50196
0.945098 0.623529 0.50196
0.945098 0.619607 0.498039
0.945098 0.619607 0.498039
0.945098 0.619607 0.494117
0.945098 0.615686 0.494117
0.945098 0.615686 0.494117
0.945098 0.611764 0.490196
0.941176 0.611764 0.490196
0.941176 0.611764 0.490196
0.941176 0.607843 0.486274
0.941176 0.607843 0.486274
0.941176 0.607843 0.482352
0.941176 0.603921 0.482352
0.941176 0.603921 0.482352
0.941176 0.6 0.478431
0.941176 0.6 0.478431
0.941176 0.6 0.474509
0.941176 0.596078 0.474509
0.937254 0.596078 0.474509
0.937254 0.592156 0.470588
0.937254 0.592156 0.470588
0.937254 0.592156 0.470588
0.937254 0.588235 0.466666
0.937254 0.588235 0.466666
0.937254 0.584313 0.462745
0.937254 0.584313 0.462745
0.937254 0.584313 0.462745
0.933333 0.580392 0.458823
0.933333 0.580392 0.458823
0.933333 0.57647 0.458823
0.933333 0.57647 0.454901
0.933333 0.572549 0.454901
0.933333 0.572549 0.45098
0.933333 0.572549 0.45098
0.933333 0.568627 0.45098
0.933333 0.568627 0.447058
0.929411 0.564705 0.447058
0.929411 0.564705 0.447058
0.929411 0.564705 0.443137
0.929411 0.560784 0.443137
0.929411 0.560784 0.439215
0.929411 0.556862 0.439215
0.929411 0.556862 0.439215
0.929411 0.552941 0.435294
0.92549 0.552941 0.435294
0.92549 0.552941 0.435294
0.92549 0.549019 0.431372
0.92549 0.549019 0.431372
0.92549 0.545098 0.42745
0.92549 0.545098 0.42745
0.92549 0.541176 0.42745
0.921568 0.541176 0.423529
0.921568 0.541176 0.423529
0.921568 0.537254 0.423529
0.921568 0.537254 0.419607
0.921568 0.533333 0.419607
0.921568 0.533333 0.415686
0.921568 0.529411 0.415686
0.917647 0.529411 0.415686
0.917647 0.529411 0.411764
0.917647 0.52549 0.411764
0.917647 0.52549 0.411764
0.917647 0.521568 0.407843
0.917647 0.521568 0.407843
0.913725 0.517647 0.407843
0.913725 0.517647 0.403921
0.913725 0.517647 0.403921
0.913725 0.513725 0.4
0.913725 0.513725 0.4
0.913725 0.509803 0.4
0.909803 0.509803 0.396078
0.909803 0.505882 0.396078
0.909803 0.505882 0.396078
0.909803 0.50196 0.392156
0.909803 0.50196 0.392156
0.909803 0.50196 0.392156
0.905882 0.498039 0.388235
0.905882 0.498039 0.388235
0.905882 0.494117 0.384313
0.905882 0.494117 0.384313
0.905882 0.490196 0.384313
0.905882 0.490196 0.380392
0.90196 0.486274 0.380392
0.90196 0.486274 0.380392
0.90196 0.482352 0.37647
0.90196 0.482352 0.37647
0.90196 0.482352 0.37647
0.898039 0.478431 0.372549
0.898039 0.478431 0.372549
0.898039 0.474509 0.372549
0.898039 0.474509 0.368627
0.898039 0.470588 0.368627
0.894117 0.470588 0.364705
0.894117 0.466666 0.364705
0.894117 0.466666 0.364705
0.894117 0.462745 0.360784
0.894117 0.462745 0.360784
0.894117 0.458823 0.360784
0.890196 0.458823 0.356862
0.890196 0.458823 0.356862
0.890196 0.454901 0.356862
0.890196 0.454901 0.352941
0.886274 0.45098 0.352941
0.886274 0.45098 0.352941
0.886274 0.447058 0.349019
0.886274 0.447058 0.349019
0.886274 0.443137 0.349019
0.882352 0.443137 0.345098
0.882352 0.439215 0.345098
0.882352 0.439215 0.345098
0.882352 0.435294 0.341176
0.882352 0.435294 0.341176
0.878431 0.431372 0.337254
0.878431 0.431372 0.337254
0.878431 0.42745 0.337254
0.878431 0.42745 0.333333
0.874509 0.423529 0.333333
0.874509 0.423529 0.333333
0.874509 0.419607 0.329411
0.874509 0.419607 0.329411
0.874509 0.415686 0.329411
0.870588 0.415686 0.32549
0.870588 0.411764 0.32549
0.870588 0.411764 0.32549
0.870588 0.411764 0.321568
0.866666 0.407843 0.321568
0.866666 0.407843 0.321568
0.866666 0.403921 0.317647
0.866666 0.403921 0.317647
0.862745 0.4 0.317647
0.862745 0.4 0.313725
0.862745 0.396078 0.313725
0.862745 0.396078 0.313725
0.862745 0.392156 0.309803
0.858823 0.392156 0.309803
0.858823 0.388235 0.309803
0.858823 0.388235 0.305882
0.858823 0.384313 0.305882
0.854901 0.384313 0.305882
0.854901 0.380392 0.30196
0.854901 0.380392 0.30196
0.854901 0.37647 0.30196
0.85098 0.372549 0.298039
0.85098 0.372549 0.298039
0.85098 0.368627 0.298039
0.85098 0.368627 0.294117
0.847058 0.364705 0.294117
0.847058 0.364705 0.294117
0.847058 0.360784 0.290196
0.843137 0.360784 0.290196
0.843137 0.356862 0.290196
0.843137 0.356862 0.286274
0.843137 0.352941 0.286274
0.839215 0.352941 0.286274
0.839215 0.349019 0.282352
0.839215 0.349019 0.282352
0.839215 0.345098 0.282352
0.835294 0.345098 0.278431
0.835294 0.341176 0.278431
0.835294 0.341176 0.278431
0.835294 0.337254 0.278431
0.831372 0.337254 0.274509
0.831372 0.333333 0.274509
0.831372 0.333333 0.274509
0.82745 0.329411 0.270588
0.82745 0.32549 0.270588
0.82745 0.32549 0.270588
0.82745 0.321568 0.266666
0.823529 0.321568 0.266666
0.823529 0.317647 0.266666
0.823529 0.317647 0.262745
0.819607 0.313725 0.262745
0.819607 0.313725 0.262745
0.819607 0.309803 0.258823
0.819607 0.309803 0.258823
0.815686 0.305882 0.258823
0.815686 0.30196 0.254901
0.815686 0.30196 0.254901
0.811764 0.298039 0.254901
0.811764 0.298039 0.254901
0.811764 0.294117 0.25098
0.811764 0.294117 0.25098
0.807843 0.290196 0.25098
0.807843 0.290196 0.247058
0.807843 0.286274 0.247058
0.803921 0.282352 0.247058
0.803921 0.282352 0.243137
0.803921 0.278431 0.243137
0.8 0.278431 0.243137
0.8 0.274509 0.239215
0.8 0.274509 0.239215
0.8 0.270588 0.239215
0.796078 0.266666 0.239215
0.796078 0.266666 0.235294
0.796078 0.262745 0.235294
0.792156 0.262745 0.235294
0.792156 0.258823 0.231372
0.792156 0.254901 0.231372
0.788235 0.254901 0.231372
0.788235 0.25098 0.22745
0.788235 0.25098 0.22745
0.784313 0.247058 0.22745
0.784313 0.243137 0.22745
0.784313 0.243137 0.223529
0.784313 0.239215 0.223529
0.780392 0.239215 0.223529
0.780392 0.235294 0.219607
0.780392 0.231372 0.219607
0.77647 0.231372 0.219607
0.77647 0.22745 0.219607
0.77647 0.223529 0.215686
0.772549 0.223529 0.215686
0.772549 0.219607 0.215686
0.772549 0.215686 0.211764
0.768627 0.215686 0.211764
0.768627 0.211764 0.211764
0.768627 0.211764 0.207843
0.764705 0.207843 0.207843
0.764705 0.203921 0.207843
0.764705 0.203921 0.207843
0.760784 0.2 0.203921
0.760784 0.196078 0.203921
0.760784 0.192156 0.203921
0.756862 0.192156 0.2
0.756862 0.188235 0.2
0.756862 0.184313 0.2
0.752941 0.184313 0.2
0.752941 0.180392 0.196078
0.752941 0.17647 0.196078
0.749019 0.17647 0.196078
0.749019 0.172549 0.196078
0.749019 0.168627 0.192156
0.745098 0.164705 0.192156
0.745098 0.164705 0.192156
0.741176 0.160784 0.188235
0.741176 0.156862 0.188235
0.741176 0.152941 0.188235
0.737254 0.149019 0.188235
0.737254 0.149019 0.184313
0.737254 0.145098 0.184313
0.733333 0.141176 0.184313
0.733333 0.137254 0.180392
0.733333 0.133333 0.180392
0.729411 0.129411 0.180392
0.729411 0.129411 0.180392
0.729411 0.12549 0.17647
0.72549 0.121568 0.17647
0.72549 0.117647 0.17647
0.72549 0.113725 0.17647
0.721568 0.109803 0.172549
0.721568 0.105882 0.172549
0.717647 0.10196 0.172549
0.717647 0.098039 0.172549
0.717647 0.094117 0.168627
0.713725 0.090196 0.168627
0.713725 0.082352 0.168627
0.713725 0.078431 0.168627
0.709803 0.074509 0.164705
0.709803 0.070588 0.164705
0.709803 0.062745 0.164705
0.705882 0.058823 0.160784
0.705882 0.05098 0.160784
0.70196 0.047058 0.160784
0.70196 0.039215 0.160784
0.70196 0.031372 0.156862
0.698039 0.023529 0.156862
0.698039 0.015686 0.156862
0.698039 0.011764 0.156862
0.694117 0.003921 0.152941
