0.964705 0.90196 0.945098
0.964705 0.886274 0.933333
0.968627 0.874509 0.937254
0.960784 0.870588 0.933333
0.964705 0.882352 0.941176
0.956862 0.874509 0.933333
0.949019 0.858823 0.929411
0.949019 0.85098 0.92549
0.960784 0.854901 0.929411
0.960784 0.854901 0.929411
0.937254 0.839215 0.921568
0.945098 0.835294 0.921568
0.952941 0.839215 0.92549
0.956862 0.831372 0.921568
0.945098 0.819607 0.909803
0.945098 0.819607 0.909803
0.949019 0.815686 0.909803
0.945098 0.811764 0.905882
0.937254 0.803921 0.90196
0.933333 0.8 0.898039
0.937254 0.796078 0.898039
0.937254 0.796078 0.898039
0.945098 0.792156 0.898039
0.929411 0.77647 0.882352
0.933333 0.77647 0.882352
0.929411 0.772549 0.878431
0.937254 0.77647 0.894117
0.917647 0.756862 0.874509
0.92549 0.756862 0.874509
0.92549 0.756862 0.874509
0.929411 0.752941 0.882352
0.921568 0.745098 0.874509
0.913725 0.737254 0.866666
0.913725 0.737254 0.866666
0.917647 0.733333 0.866666
0.909803 0.72549 0.858823
0.913725 0.717647 0.854901
0.909803 0.713725 0.85098
0.913725 0.709803 0.858823
0.913725 0.709803 0.858823
0.909803 0.694117 0.847058
0.905882 0.690196 0.843137
0.917647 0.698039 0.85098
0.913725 0.694117 0.847058
0.90196 0.682352 0.835294
0.898039 0.678431 0.831372
0.90196 0.670588 0.843137
0.90196 0.670588 0.843137
0.90196 0.662745 0.835294
0.890196 0.65098 0.823529
0.890196 0.65098 0.823529
0.894117 0.654901 0.82745
0.894117 0.647058 0.823529
0.882352 0.635294 0.811764
0.890196 0.631372 0.811764
0.890196 0.631372 0.811764
0.894117 0.62745 0.819607
0.886274 0.619607 0.811764
0.878431 0.611764 0.803921
0.878431 0.611764 0.803921
0.882352 0.607843 0.803921
0.878431 0.603921 0.8
0.874509 0.592156 0.788235
0.878431 0.596078 0.792156
0.882352 0.592156 0.8
0.886274 0.596078 0.803921
0.858823 0.568627 0.77647
0.862745 0.572549 0.780392
0.870588 0.568627 0.780392
0.870588 0.568627 0.780392
0.866666 0.556862 0.780392
0.862745 0.552941 0.77647
0.866666 0.549019 0.780392
0.866666 0.549019 0.780392
0.858823 0.541176 0.772549
0.85098 0.533333 0.764705
0.858823 0.529411 0.764705
0.858823 0.529411 0.764705
0.862745 0.52549 0.764705
0.85098 0.513725 0.752941
0.843137 0.505882 0.745098
0.847058 0.509803 0.749019
0.854901 0.509803 0.749019
0.847058 0.50196 0.741176
0.847058 0.494117 0.745098
0.847058 0.494117 0.745098
0.85098 0.490196 0.745098
0.839215 0.478431 0.733333
0.839215 0.466666 0.733333
0.839215 0.466666 0.733333
0.843137 0.462745 0.733333
0.839215 0.458823 0.729411
0.835294 0.454901 0.72549
0.831372 0.45098 0.721568
0.839215 0.447058 0.729411
0.835294 0.443137 0.72549
0.831372 0.431372 0.717647
0.82745 0.42745 0.713725
0.82745 0.42745 0.713725
0.82745 0.42745 0.713725
0.823529 0.419607 0.705882
0.815686 0.411764 0.698039
0.823529 0.407843 0.698039
0.823529 0.407843 0.698039
0.82745 0.403921 0.70196
0.807843 0.384313 0.682352
0.823529 0.388235 0.698039
0.819607 0.384313 0.694117
0.819607 0.384313 0.694117
0.803921 0.368627 0.678431
0.807843 0.364705 0.678431
0.807843 0.364705 0.678431
0.815686 0.360784 0.686274
0.807843 0.352941 0.678431
0.8 0.345098 0.670588
0.803921 0.349019 0.674509
0.811764 0.349019 0.686274
0.8 0.337254 0.674509
0.792156 0.321568 0.662745
0.796078 0.32549 0.666666
0.803921 0.32549 0.666666
0.8 0.321568 0.662745
0.796078 0.317647 0.658823
0.788235 0.309803 0.65098
0.792156 0.305882 0.65098
0.792156 0.305882 0.65098
0.792156 0.294117 0.65098
0.784313 0.286274 0.643137
0.784313 0.286274 0.643137
0.788235 0.290196 0.647058
0.784313 0.278431 0.639215
0.77647 0.270588 0.631372
0.772549 0.258823 0.62745
0.77647 0.262745 0.631372
0.784313 0.258823 0.631372
0.77647 0.25098 0.623529
0.768627 0.243137 0.623529
0.768627 0.243137 0.623529
0.772549 0.239215 0.623529
0.764705 0.231372 0.615686
0.760784 0.22745 0.611764
0.768627 0.223529 0.611764
0.772549 0.223529 0.611764
0.768627 0.211764 0.603921
0.760784 0.203921 0.603921
0.760784 0.203921 0.603921
0.760784 0.203921 0.603921
0.756862 0.2 0.6
0.756862 0.188235 0.6
0.752941 0.184313 0.596078
0.749019 0.180392 0.592156
0.749019 0.180392 0.592156
0.756862 0.168627 0.588235
0.749019 0.160784 0.580392
0.752941 0.160784 0.580392
0.752941 0.160784 0.580392
0.749019 0.156862 0.57647
0.737254 0.145098 0.564705
0.741176 0.137254 0.568627
0.741176 0.137254 0.568627
0.749019 0.137254 0.568627
0.737254 0.12549 0.556862
0.737254 0.12549 0.556862
0.737254 0.12549 0.556862
0.741176 0.121568 0.564705
0.729411 0.109803 0.552941
0.729411 0.098039 0.545098
0.733333 0.10196 0.549019
0.737254 0.098039 0.556862
0.729411 0.090196 0.549019
0.721568 0.082352 0.541176
0.721568 0.082352 0.541176
0.72549 0.078431 0.541176
0.72549 0.078431 0.541176
0.721568 0.058823 0.52549
0.721568 0.058823 0.52549
0.721568 0.054901 0.533333
0.721568 0.054901 0.533333
0.713725 0.047058 0.52549
0.705882 0.039215 0.517647
0.70196 0.035294 0.513725
0.705882 0.039215 0.517647
0.709803 0.031372 0.517647
0.70196 0.023529 0.509803
0.70196 0.019607 0.505882
0.705882 0.023529 0.509803
0.705882 0.015686 0.505882
0.694117 0.003921 0.494117
0.698039 0.0 0.498039
0.694117 0.003921 0.50196
0.690196 0.0 0.498039
0.686274 0.0 0.498039
0.682352 0.003921 0.505882
0.682352 0.003921 0.505882
0.682352 0.003921 0.505882
0.678431 0.0 0.50196
0.670588 0.0 0.50196
0.670588 0.0 0.50196
0.666666 0.003921 0.509803
0.666666 0.003921 0.509803
0.654901 0.0 0.505882
0.65098 0.0 0.50196
0.654901 0.0 0.505882
0.654901 0.0 0.505882
0.647058 0.0 0.509803
0.643137 0.0 0.505882
0.643137 0.003921 0.509803
0.643137 0.003921 0.509803
0.631372 0.0 0.505882
0.62745 0.0 0.50196
0.62745 0.0 0.50196
0.631372 0.0 0.505882
0.62745 0.003921 0.509803
0.615686 0.0 0.505882
0.611764 0.0 0.50196
0.611764 0.003921 0.505882
0.607843 0.003921 0.513725
0.603921 0.0 0.509803
0.603921 0.0 0.509803
0.603921 0.0 0.509803
0.596078 0.003921 0.509803
0.592156 0.0 0.505882
0.584313 0.0 0.509803
0.584313 0.0 0.509803
0.584313 0.0 0.509803
0.584313 0.0 0.509803
0.572549 0.0 0.505882
0.572549 0.0 0.505882
0.568627 0.0 0.513725
0.568627 0.0 0.513725
0.564705 0.0 0.513725
0.564705 0.0 0.513725
0.556862 0.003921 0.517647
0.552941 0.0 0.513725
0.549019 0.0 0.513725
0.545098 0.0 0.509803
0.537254 0.0 0.509803
0.537254 0.0 0.509803
0.533333 0.0 0.517647
0.529411 0.0 0.513725
0.529411 0.0 0.513725
0.529411 0.0 0.513725
0.52549 0.0 0.513725
0.521568 0.0 0.509803
0.513725 0.0 0.517647
0.513725 0.0 0.517647
0.509803 0.0 0.517647
0.509803 0.0 0.517647
0.498039 0.0 0.521568
0.498039 0.0 0.521568
0.494117 0.0 0.521568
0.494117 0.0 0.521568
0.486274 0.0 0.517647
0.486274 0.0 0.517647
0.478431 0.003921 0.517647
0.478431 0.003921 0.517647
0.474509 0.0 0.521568
0.474509 0.0 0.521568
0.470588 0.0 0.521568
0.470588 0.0 0.521568
0.462745 0.003921 0.521568
0.458823 0.0 0.517647
0.454901 0.0 0.521568
0.454901 0.0 0.521568
0.447058 0.003921 0.529411
0.443137 0.0 0.52549
0.435294 0.0 0.521568
0.439215 0.0 0.52549
0.439215 0.0 0.52549
0.431372 0.0 0.521568
0.431372 0.0 0.521568
0.423529 0.003921 0.521568
0.423529 0.003921 0.521568
0.419607 0.0 0.517647
0.411764 0.0 0.521568
0.415686 0.0 0.52549
0.407843 0.003921 0.52549
0.403921 0.0 0.521568
0.396078 0.0 0.52549
0.396078 0.0 0.52549
0.392156 0.0 0.52549
0.392156 0.0 0.52549
0.384313 0.0 0.529411
0.384313 0.0 0.529411
0.384313 0.0 0.529411
0.380392 0.003921 0.529411
0.37647 0.0 0.52549
0.368627 0.003921 0.52549
0.368627 0.003921 0.52549
0.364705 0.0 0.521568
0.360784 0.0 0.529411
0.356862 0.0 0.52549
0.352941 0.0 0.52549
0.352941 0.0 0.52549
0.345098 0.0 0.533333
0.345098 0.0 0.533333
0.341176 0.003921 0.533333
0.337254 0.0 0.529411
0.329411 0.0 0.537254
0.329411 0.0 0.537254
0.329411 0.0 0.537254
0.329411 0.0 0.537254
0.321568 0.0 0.533333
0.321568 0.0 0.533333
0.313725 0.0 0.533333
0.313725 0.0 0.533333
0.313725 0.0 0.533333
0.313725 0.0 0.533333
0.305882 0.0 0.533333
0.298039 0.0 0.529411
0.30196 0.0 0.541176
0.290196 0.0 0.537254
0.286274 0.003921 0.537254
0.282352 0.0 0.533333
0.282352 0.0 0.533333
0.282352 0.0 0.533333
0.278431 0.0 0.541176
0.274509 0.0 0.537254
0.266666 0.0 0.537254
0.270588 0.003921 0.541176
0.262745 0.0 0.545098
0.258823 0.0 0.541176
0.258823 0.0 0.541176
0.258823 0.0 0.541176
0.25098 0.0 0.541176
0.243137 0.0 0.537254
0.243137 0.0 0.545098
0.239215 0.0 0.545098
0.231372 0.003921 0.545098
0.231372 0.003921 0.545098
0.22745 0.0 0.541176
0.22745 0.0 0.541176
0.223529 0.0 0.545098
0.215686 0.003921 0.545098
0.211764 0.0 0.541176
0.207843 0.003921 0.541176
0.207843 0.0 0.549019
0.207843 0.0 0.549019
0.2 0.0 0.545098
0.2 0.0 0.545098
0.2 0.0 0.545098
0.2 0.0 0.545098
0.188235 0.0 0.549019
0.188235 0.0 0.549019
0.184313 0.0 0.549019
0.184313 0.0 0.549019
0.17647 0.003921 0.549019
0.172549 0.0 0.545098
0.172549 0.0 0.552941
0.168627 0.0 0.552941
0.168627 0.0 0.552941
0.160784 0.0 0.549019
0.156862 0.0 0.545098
0.160784 0.0 0.549019
0.152941 0.003921 0.549019
0.149019 0.0 0.545098
0.145098 0.0 0.549019
0.145098 0.0 0.549019
0.141176 0.007843 0.552941
0.137254 0.003921 0.549019
0.129411 0.0 0.552941
0.129411 0.0 0.552941
0.12549 0.003921 0.552941
0.12549 0.003921 0.552941
0.121568 0.0 0.549019
0.109803 0.0 0.545098
0.117647 0.003921 0.560784
0.109803 0.003921 0.556862
0.105882 0.0 0.552941
0.105882 0.0 0.552941
0.098039 0.003921 0.552941
0.098039 0.003921 0.552941
0.094117 0.0 0.556862
0.090196 0.0 0.556862
0.086274 0.0 0.552941
0.082352 0.0 0.552941
0.074509 0.0 0.556862
0.074509 0.0 0.556862
0.066666 0.0 0.552941
0.066666 0.0 0.552941
0.058823 0.0 0.552941
0.054901 0.0 0.549019
0.05098 0.0 0.556862
0.05098 0.0 0.556862
0.05098 0.0 0.556862
0.05098 0.0 0.556862
0.043137 0.0 0.552941
0.043137 0.0 0.552941
0.035294 0.0 0.560784
0.035294 0.0 0.560784
0.02745 0.0 0.556862
0.02745 0.0 0.556862
0.019607 0.0 0.564705
0.019607 0.0 0.564705
0.011764 0.0 0.560784
0.011764 0.0 0.560784
0.011764 0.0 0.560784
0.007843 0.0 0.560784
0.007843 0.0 0.568627
0.0 0.003921 0.568627
0.0 0.0 0.572549
0.0 0.0 0.572549
0.0 0.0 0.580392
0.0 0.0 0.580392
0.0 0.0 0.596078
0.0 0.0 0.596078
0.0 0.0 0.611764
0.0 0.0 0.619607
0.0 0.0 0.62745
0.0 0.0 0.635294
0.0 0.0 0.647058
0.003921 0.0 0.65098
0.003921 0.0 0.658823
0.003921 0.0 0.658823
0.0 0.0 0.666666
0.0 0.0 0.670588
0.0 0.0 0.690196
0.0 0.0 0.698039
0.0 0.0 0.698039
0.0 0.0 0.70196
0.0 0.0 0.729411
0.0 0.0 0.729411
0.0 0.0 0.729411
0.0 0.0 0.729411
0.0 0.0 0.752941
0.0 0.0 0.760784
0.0 0.0 0.760784
0.0 0.0 0.768627
0.003921 0.0 0.784313
0.003921 0.0 0.792156
0.0 0.003921 0.796078
0.0 0.0 0.792156
0.0 0.0 0.807843
0.0 0.0 0.815686
0.0 0.0 0.823529
0.0 0.0 0.831372
0.0 0.0 0.839215
0.0 0.0 0.839215
0.0 0.0 0.854901
0.0 0.0 0.854901
0.0 0.0 0.862745
0.0 0.0 0.870588
0.003921 0.0 0.878431
0.003921 0.0 0.886274
0.003921 0.0 0.90196
0.003921 0.0 0.90196
0.0 0.0 0.917647
0.0 0.0 0.917647
0.0 0.0 0.92549
0.0 0.0 0.92549
0.0 0.0 0.941176
0.003921 0.0 0.949019
0.003921 0.0 0.956862
0.003921 0.0 0.964705
0.0 0.0 0.972549
0.003921 0.003921 0.97647
0.0 0.003921 0.984313
0.0 0.003921 0.984313
0.0 0.007843 0.992156
0.003921 0.015686 1.0
0.003921 0.015686 1.0
0.0 0.019607 1.0
0.0 0.019607 0.996078
0.0 0.035294 0.996078
0.007843 0.054901 1.0
0.0 0.047058 0.984313
0.007843 0.058823 0.996078
0.0 0.058823 0.984313
0.0 0.086274 1.0
0.0 0.086274 1.0
0.007843 0.086274 1.0
0.0 0.086274 0.992156
0.007843 0.113725 1.0
0.0 0.121568 0.996078
0.0 0.121568 0.992156
0.0 0.129411 0.97647
0.007843 0.160784 1.0
0.003921 0.17647 1.0
0.0 0.180392 0.996078
0.0 0.184313 0.992156
0.0 0.196078 1.0
0.007843 0.207843 0.996078
0.007843 0.215686 1.0
0.0 0.215686 0.988235
0.0 0.223529 0.988235
0.007843 0.243137 1.0
0.007843 0.243137 1.0
0.0 0.247058 1.0
0.0 0.25098 0.996078
0.0 0.262745 1.0
0.003921 0.278431 1.0
0.003921 0.278431 1.0
0.0 0.282352 1.0
0.0 0.294117 1.0
0.007843 0.30196 1.0
0.003921 0.305882 0.996078
0.007843 0.309803 1.0
0.0 0.305882 0.984313
0.007843 0.341176 1.0
0.0 0.337254 0.996078
0.011764 0.337254 0.996078
0.0 0.341176 0.988235
0.0 0.364705 1.0
0.0 0.37647 1.0
0.003921 0.372549 0.992156
0.0 0.380392 0.992156
0.0 0.396078 1.0
0.0 0.407843 1.0
0.0 0.407843 1.0
0.0 0.411764 0.992156
0.0 0.411764 0.984313
0.003921 0.431372 0.992156
0.007843 0.443137 1.0
0.0 0.439215 0.992156
0.0 0.443137 0.992156
0.003921 0.458823 1.0
0.007843 0.470588 1.0
0.003921 0.466666 1.0
0.0 0.474509 0.996078
0.0 0.474509 0.984313
0.011764 0.494117 1.0
0.0 0.50196 1.0
0.003921 0.505882 0.996078
0.0 0.50196 0.988235
0.007843 0.529411 1.0
0.007843 0.541176 1.0
0.003921 0.537254 1.0
0.0 0.549019 1.0
0.003921 0.556862 1.0
0.007843 0.560784 1.0
0.0 0.564705 1.0
0.0 0.568627 0.996078
0.007843 0.580392 1.0
0.007843 0.6 1.0
0.003921 0.596078 1.0
0.0 0.607843 1.0
0.0 0.611764 0.992156
0.007843 0.62745 1.0
0.0 0.62745 0.996078
0.003921 0.631372 1.0
0.0 0.635294 0.992156
0.003921 0.65098 1.0
0.0 0.666666 1.0
0.0 0.670588 1.0
0.0 0.666666 1.0
0.003921 0.678431 1.0
0.003921 0.698039 1.0
0.0 0.70196 1.0
0.007843 0.698039 0.996078
0.0 0.705882 0.996078
0.0 0.721568 1.0
0.0 0.733333 1.0
0.003921 0.729411 0.992156
0.0 0.737254 0.988235
0.0 0.752941 1.0
0.0 0.760784 1.0
0.003921 0.756862 1.0
0.003921 0.768627 0.996078
0.003921 0.772549 1.0
0.0 0.788235 1.0
0.003921 0.792156 0.996078
0.0 0.8 0.996078
0.0 0.803921 0.996078
0.003921 0.819607 1.0
0.0 0.82745 1.0
0.0 0.82745 0.996078
0.0 0.82745 0.996078
0.007843 0.843137 1.0
0.015686 0.854901 1.0
0.003921 0.858823 1.0
0.0 0.862745 0.996078
0.0 0.878431 1.0
0.003921 0.886274 1.0
0.0 0.890196 0.996078
0.0 0.894117 0.988235
0.0 0.894117 0.984313
0.007843 0.917647 1.0
0.0 0.921568 1.0
0.0 0.921568 0.996078
0.0 0.929411 0.996078
0.007843 0.949019 1.0
0.003921 0.960784 1.0
0.0 0.956862 1.0
0.0 0.960784 0.996078
0.003921 0.980392 1.0
0.011764 0.988235 1.0
0.007843 0.984313 1.0
0.007843 0.984313 1.0
0.007843 0.996078 1.0
0.011764 1.0 1.0
0.023529 1.0 1.0
0.019607 1.0 0.996078
0.035294 0.996078 1.0
0.039215 1.0 1.0
0.05098 1.0 0.996078
0.05098 1.0 0.996078
0.062745 0.996078 1.0
0.066666 1.0 1.0
0.074509 1.0 0.980392
0.074509 1.0 0.964705
0.086274 1.0 0.984313
0.094117 1.0 0.968627
0.10196 1.0 0.956862
0.113725 1.0 0.945098
0.117647 1.0 0.945098
0.129411 0.996078 0.937254
0.141176 0.996078 0.929411
0.149019 1.0 0.917647
0.152941 1.0 0.909803
0.152941 1.0 0.898039
0.168627 1.0 0.894117
0.168627 1.0 0.878431
0.180392 1.0 0.878431
0.184313 1.0 0.866666
0.196078 1.0 0.870588
0.203921 1.0 0.858823
0.215686 1.0 0.858823
0.211764 0.996078 0.843137
0.22745 0.996078 0.839215
0.231372 1.0 0.82745
0.235294 1.0 0.823529
0.243137 1.0 0.807843
0.247058 1.0 0.807843
0.262745 1.0 0.8
0.278431 1.0 0.803921
0.282352 1.0 0.788235
0.282352 1.0 0.780392
0.286274 1.0 0.768627
0.313725 0.996078 0.764705
0.317647 1.0 0.752941
0.309803 1.0 0.749019
0.313725 1.0 0.741176
0.333333 0.996078 0.733333
0.341176 0.996078 0.721568
0.345098 1.0 0.717647
0.349019 1.0 0.70196
0.360784 0.996078 0.70196
0.368627 1.0 0.694117
0.37647 1.0 0.686274
0.37647 1.0 0.670588
0.388235 1.0 0.674509
0.4 1.0 0.666666
0.403921 1.0 0.658823
0.411764 0.996078 0.643137
0.419607 0.996078 0.639215
0.431372 1.0 0.635294
0.435294 1.0 0.62745
0.435294 1.0 0.619607
0.447058 0.996078 0.615686
0.45098 1.0 0.603921
0.466666 1.0 0.6
0.466666 1.0 0.588235
0.478431 1.0 0.588235
0.482352 1.0 0.572549
0.498039 1.0 0.564705
0.50196 1.0 0.556862
0.498039 1.0 0.556862
0.505882 1.0 0.552941
0.52549 1.0 0.537254
0.533333 1.0 0.529411
0.52549 1.0 0.537254
0.537254 1.0 0.521568
0.560784 1.0 0.498039
0.572549 1.0 0.490196
0.568627 1.0 0.494117
0.568627 1.0 0.486274
0.592156 0.996078 0.466666
0.6 1.0 0.466666
0.596078 1.0 0.466666
0.6 1.0 0.458823
0.611764 1.0 0.439215
0.619607 1.0 0.435294
0.631372 1.0 0.42745
0.631372 1.0 0.42745
0.643137 0.996078 0.419607
0.647058 1.0 0.415686
0.662745 1.0 0.415686
0.662745 1.0 0.4
0.670588 0.996078 0.392156
0.670588 1.0 0.380392
0.686274 1.0 0.37647
0.694117 1.0 0.364705
0.70196 1.0 0.360784
0.713725 1.0 0.352941
0.721568 1.0 0.349019
0.729411 1.0 0.341176
0.733333 1.0 0.329411
0.737254 1.0 0.313725
0.752941 1.0 0.313725
0.764705 1.0 0.309803
0.760784 0.996078 0.305882
0.764705 0.996078 0.290196
0.792156 0.992156 0.274509
0.796078 1.0 0.270588
0.788235 1.0 0.278431
0.788235 1.0 0.270588
0.815686 1.0 0.254901
0.819607 1.0 0.239215
0.819607 1.0 0.239215
0.82745 0.996078 0.235294
0.835294 1.0 0.231372
0.85098 1.0 0.219607
0.854901 1.0 0.2
0.862745 1.0 0.192156
0.866666 0.996078 0.192156
0.870588 1.0 0.188235
0.882352 1.0 0.168627
0.890196 1.0 0.164705
0.898039 1.0 0.172549
0.90196 1.0 0.156862
0.917647 1.0 0.141176
0.921568 1.0 0.129411
0.929411 0.996078 0.141176
0.933333 0.996078 0.133333
0.949019 0.996078 0.117647
0.949019 1.0 0.109803
0.956862 1.0 0.121568
0.956862 1.0 0.109803
0.972549 1.0 0.098039
0.972549 1.0 0.078431
0.984313 1.0 0.078431
0.984313 1.0 0.062745
0.996078 0.996078 0.062745
0.996078 1.0 0.05098
1.0 0.996078 0.05098
1.0 1.0 0.035294
1.0 1.0 0.035294
0.996078 0.996078 0.023529
0.996078 1.0 0.015686
1.0 1.0 0.019607
1.0 0.996078 0.011764
0.992156 0.988235 0.003921
1.0 0.980392 0.0
1.0 0.980392 0.0
1.0 0.980392 0.003921
0.992156 0.960784 0.0
0.996078 0.952941 0.003921
0.996078 0.949019 0.0
0.996078 0.949019 0.0
1.0 0.941176 0.0
1.0 0.913725 0.0
1.0 0.913725 0.0
0.996078 0.917647 0.0
0.996078 0.917647 0.0
1.0 0.890196 0.011764
1.0 0.874509 0.0
1.0 0.886274 0.007843
1.0 0.882352 0.007843
1.0 0.862745 0.0
1.0 0.85098 0.0
1.0 0.85098 0.0
1.0 0.847058 0.0
1.0 0.847058 0.007843
0.988235 0.82745 0.0
0.996078 0.823529 0.003921
0.996078 0.823529 0.003921
1.0 0.819607 0.019607
0.984313 0.796078 0.0
0.996078 0.788235 0.003921
1.0 0.792156 0.007843
1.0 0.780392 0.015686
0.996078 0.768627 0.003921
1.0 0.752941 0.0
1.0 0.752941 0.0
1.0 0.749019 0.003921
1.0 0.745098 0.0
0.996078 0.721568 0.0
0.992156 0.717647 0.0
1.0 0.717647 0.003921
1.0 0.717647 0.003921
0.992156 0.698039 0.0
0.988235 0.694117 0.0
1.0 0.686274 0.0
0.996078 0.682352 0.0
1.0 0.670588 0.007843
0.992156 0.658823 0.0
1.0 0.654901 0.003921
0.996078 0.647058 0.0
1.0 0.647058 0.007843
0.988235 0.62745 0.0
0.996078 0.62745 0.0
0.996078 0.62745 0.0
1.0 0.619607 0.007843
0.988235 0.6 0.0
1.0 0.596078 0.003921
0.996078 0.588235 0.0
1.0 0.592156 0.011764
0.992156 0.568627 0.0
0.996078 0.560784 0.0
0.996078 0.560784 0.0
1.0 0.556862 0.003921
0.996078 0.552941 0.0
0.992156 0.533333 0.0
1.0 0.537254 0.003921
1.0 0.52549 0.003921
1.0 0.521568 0.015686
1.0 0.494117 0.007843
1.0 0.490196 0.003921
1.0 0.498039 0.0
1.0 0.498039 0.0
1.0 0.478431 0.003921
0.996078 0.470588 0.0
1.0 0.458823 0.007843
1.0 0.458823 0.007843
1.0 0.447058 0.007843
0.992156 0.435294 0.0
1.0 0.435294 0.0
1.0 0.435294 0.0
1.0 0.42745 0.011764
0.984313 0.407843 0.0
1.0 0.403921 0.007843
0.996078 0.4 0.003921
1.0 0.392156 0.011764
0.992156 0.37647 0.0
1.0 0.372549 0.003921
0.996078 0.368627 0.0
1.0 0.368627 0.011764
1.0 0.360784 0.003921
0.992156 0.345098 0.0
0.992156 0.345098 0.0
1.0 0.341176 0.007843
1.0 0.333333 0.0
0.996078 0.309803 0.0
0.988235 0.30196 0.0
1.0 0.298039 0.003921
1.0 0.298039 0.003921
0.996078 0.282352 0.0
0.988235 0.274509 0.0
0.996078 0.274509 0.0
1.0 0.270588 0.0
1.0 0.262745 0.011764
0.996078 0.243137 0.0
0.992156 0.239215 0.0
0.996078 0.243137 0.0
1.0 0.22745 0.011764
0.988235 0.215686 0.0
0.988235 0.203921 0.0
0.996078 0.207843 0.003921
1.0 0.207843 0.007843
0.996078 0.188235 0.0
1.0 0.172549 0.0
1.0 0.17647 0.0
1.0 0.168627 0.007843
1.0 0.156862 0.003921
0.996078 0.141176 0.003921
0.996078 0.141176 0.003921
0.992156 0.133333 0.007843
0.996078 0.133333 0.007843
0.992156 0.113725 0.003921
0.992156 0.109803 0.0
0.996078 0.109803 0.011764
1.0 0.105882 0.007843
1.0 0.082352 0.0
1.0 0.078431 0.0
0.992156 0.082352 0.003921
0.992156 0.082352 0.003921
1.0 0.058823 0.003921
1.0 0.047058 0.0
0.996078 0.047058 0.0
1.0 0.043137 0.0
1.0 0.031372 0.0
1.0 0.015686 0.0
1.0 0.003921 0.0
1.0 0.011764 0.0
0.992156 0.015686 0.007843
0.984313 0.007843 0.0
0.988235 0.0 0.0
0.988235 0.0 0.0
0.97647 0.003921 0.003921
0.960784 0.003921 0.0
0.956862 0.0 0.0
0.952941 0.003921 0.0
0.952941 0.0 0.003921
0.937254 0.0 0.0
0.921568 0.0 0.0
0.913725 0.003921 0.0
0.921568 0.0 0.003921
0.917647 0.0 0.003921
0.898039 0.003921 0.0
0.882352 0.0 0.0
0.886274 0.0 0.003921
0.882352 0.003921 0.003921
0.874509 0.0 0.0
0.858823 0.0 0.0
0.854901 0.0 0.003921
0.843137 0.003921 0.003921
0.839215 0.0 0.007843
0.823529 0.0 0.003921
0.819607 0.0 0.0
0.811764 0.003921 0.003921
0.811764 0.003921 0.003921
0.796078 0.0 0.0
0.788235 0.0 0.0
0.788235 0.007843 0.0
0.784313 0.0 0.007843
0.772549 0.0 0.0
0.764705 0.0 0.0
0.760784 0.0 0.0
0.760784 0.0 0.003921
0.745098 0.0 0.0
0.741176 0.0 0.003921
0.72549 0.0 0.0
0.72549 0.003921 0.003921
0.709803 0.003921 0.0
0.705882 0.0 0.003921
0.690196 0.0 0.0
0.690196 0.0 0.007843
0.686274 0.003921 0.007843
0.674509 0.0 0.0
0.662745 0.0 0.0
0.666666 0.0 0.0
0.65098 0.003921 0.0
0.647058 0.0 0.0
0.635294 0.0 0.0
0.62745 0.0 0.0
0.623529 0.003921 0.0
0.615686 0.003921 0.007843
0.603921 0.0 0.0
0.603921 0.0 0.007843
0.6 0.0 0.007843
0.588235 0.0 0.003921
0.580392 0.0 0.0
0.568627 0.0 0.0
0.560784 0.003921 0.0
0.560784 0.003921 0.0
0.549019 0.0 0.0
0.541176 0.0 0.0
0.541176 0.0 0.0
0.545098 0.003921 0.003921
0.533333 0.0 0.0
0.52549 0.0 0.0
0.521568 0.0 0.0
0.521568 0.0 0.003921
0.509803 0.0 0.0
0.509803 0.0 0.007843
0.50196 0.0 0.003921
0.494117 0.0 0.003921
0.490196 0.003921 0.003921
0.486274 0.0 0.0
0.478431 0.0 0.0
0.478431 0.0 0.003921
0.474509 0.003921 0.007843
0.474509 0.003921 0.007843
0.462745 0.0 0.0
0.458823 0.0 0.0
0.454901 0.0 0.003921
0.454901 0.0 0.003921
0.447058 0.0 0.0
0.439215 0.0 0.0
0.431372 0.0 0.0
0.431372 0.0 0.003921
0.42745 0.003921 0.003921
0.411764 0.0 0.0
0.403921 0.0 0.0
0.411764 0.003921 0.0
0.407843 0.007843 0.0
0.4 0.0 0.0
0.392156 0.0 0.0
0.392156 0.0 0.0
0.380392 0.007843 0.0
0.37647 0.0 0.003921
0.372549 0.003921 0.003921
0.372549 0.0 0.003921
0.368627 0.0 0.003921
0.364705 0.0 0.0
0.352941 0.0 0.0
0.349019 0.003921 0.0
0.341176 0.007843 0.0
0.345098 0.0 0.003921
0.333333 0.0 0.0
0.329411 0.0 0.015686
0.305882 0.007843 0.015686
0.278431 0.019607 0.02745
